mean_acc:
0.5140191898046316
0.5047230953884133
0.5051840759176154
0.5121583883888049
0.515653053789017
0.5137441360196359
0.5211763393245489
0.5285635073008691
0.5268452531776802
0.5393146023764538
0.532389627196506
0.5406990220551596
0.5699767719296787
0.5686140831313259
0.5602829479175077
0.566157397779738
0.5774745633736651
0.5429267746260293
0.5640705440461533
0.5363030048596337
0.5740493501493791
0.589203186960553
0.5926531645392986
0.5631411170502464
0.5948361441370908
0.5881836900639078
0.5750207314214381
0.5874999295387096
0.5718321799349003
0.5937944907045483
0.6084680561441591
0.6033418563630646
0.5931576805847796
0.6176356690256438
0.5749326819550222
0.6167336190417102
0.6094604651630096
0.6220604081213058
0.6188469494407972
0.6049870665178363
0.6101236765333089
0.626187545420719
0.6363278447459433
0.6197736188193603
0.6242478118574268
0.6214687522724841
0.6480325511041507
0.668080744831678
0.6503755550539734
0.6418693975245278
0.6553590144483181
0.6606653873804891
0.6443454718319036
0.6653866451235885
0.6532724455262824
0.6555099510576496
0.6412916746597436
0.656516812691158
0.6857703761161278
0.662477169679851
0.6593215293293071
0.6757709981551041
0.6690887217134195
0.6985346221042592
0.6770549940944942
0.6838446942157711
0.6694378536168507
0.6741366620200713
0.6727138550106369
0.677771706526217
0.6708121574048669
0.6691898773224797
0.6802086695099337
0.6698184146662094
0.6962837474570127
0.6888875252609107
0.6991230949338724
0.6720982052752428
0.6813890287139927
0.6769669125002891
0.6946651910875079
0.679135690851381
0.6826204633252396
0.6950741087246645
0.7080680142326305
0.6813408891972121
0.6907336915231956
0.7118316545394896
0.6798604759416923
0.6893868453314158
0.7179817828748498
0.7154452923391241
0.7146207429260644
0.7123752917102991
0.7098408723429327
0.7198307951960758
0.6994773662994535
0.6917862989636482
0.7123213257385835
0.7037220964353914
0.7263388187970028
0.7074853235076104
0.7243505467145794
0.7020131374609988
0.7304468526662575
0.7143289105687864
0.7375287679018039
0.7178498338092567
0.7246115838576381
0.7271471491797532
0.7221738745085049
0.7090903972682201
0.7257939683616351
0.7319314219455774
0.707394475417416
0.7438977657234247
0.7159921722687755
0.7276731463141479
0.7097607051500715
0.7226083484013232
0.731135717547504
0.7282338659124025
0.7316864603793746
0.7164671931210178
0.7436379336863592
0.727202266706653
0.7237887735372472
0.724581315086805
0.736786148424047
0.7226153088480595
0.7296795709812365
0.7135931426732031
0.739502686079755
0.7327047307355267
0.7265879363849318
0.7442726631590316
0.7405330350325778
0.7416970998643855
0.7368515827536051
0.7442802079015578
0.7314952909507393
0.748235311823422
0.7437238504503587
0.7260363728344988
0.7398383860300392
0.7289164324530046
0.7458885764435919
0.7494626084897588
0.7326453324536841
0.7377985562711039
0.719569488513808
0.7424250539288577
0.7432970940270598
0.758383675166567
0.7470021038387346
0.7478738871915594
0.7422682952320316
0.7409506799919305
0.7458487216506882
0.7312045114536438
0.7288193320568678
0.7355239419691209
0.7515634240994747
0.7581230566610471
0.7463702315851373
0.7263818829983335
0.7546212052534884
0.7446609098260945
0.7449901250492867
0.7361393790797237
0.7456514248477526
0.7452946155808031
0.7452213778737419
0.738471623138541
0.7564237777883097
0.7530894016381444
0.754783567614749
0.7506416870282735
0.7623281162948004
0.7494848616229298
0.7693433479520639
0.7523230425041699
0.7440576908557619
0.7600920398802563
0.7378134200119338
0.7611851648187591
0.7461709621030119
0.7465723855229582
0.7436404780656363
0.7609515455099036
0.7599123763230419
0.7622292240628135
0.7487064539677484
0.7599289914878979
0.7597567335010564
0.76409252340007
0.7516333755046093
0.759258873996413
0.7470883817982747
0.7670818005267934
0.7651675678377118
0.7640859896599643
0.7553717337438376
0.763420337031936
0.7569984221730035
0.7609612502847168
0.7491116509851388
0.7584762771464815
0.7667160816254832
0.763571194446207
0.7647669927692069
0.7646834930037396
0.7641385780091926
0.7690022313101821
0.7476454366517975
0.7684315136079231
0.7492352545536892
0.7607087488067181
0.7433825217602978
0.7609744985276088
0.7615904697845762
0.7565583894024961
0.7589375294703099
0.7552346049146307
0.7548255968812462
0.755799932741137
0.7588249554638875
0.7527663214877867
0.7679747612126192
0.7626996250506404
0.7604604627671463
0.7702922897417602
0.7633558451094805
0.764991751778241
0.7647910645393339
0.7772654410462263
0.7581431300714889
0.7685840019372725
0.766784758903495
0.7711918028226015
0.7662010828557844
0.7639834384853657
0.7570125790777316
0.7589613286864003
0.7529907225659355
0.7557947074754381
0.7635135294191387
0.7691606810907906
0.7650719975806622
0.7649106360150799
0.7499242006153649
0.7556617005699092
0.7459820870495678
0.7706300198324155
0.7659495715796464
0.7583131292949707
0.7613748395902988
0.7728560300504048
0.7727165946929291
0.7648172865507437
0.77527700820272
0.7633355820195679
0.777951850436047
0.770567716659839
0.7753517193582814
0.7713867562574042
0.7636175156640741
0.7722415443710917
0.7756744473178061
0.7690812249901489
0.7686047814273691
0.7721408319154095
0.7576706395773999
0.7731920740707313
0.7658026477704176
0.7690180765950214
0.7658761599787391
0.780834356912125
0.7728072141503584
0.7688139335933313
0.759658177257947
0.7754903065940717
0.7737469739202343
0.7773533029020137
0.7630814978151376
0.7533143794053183
0.7458080324029603
0.7609829759986676
0.7668950153788329
0.7613105240317531
0.771083212173573
0.7662636103668639
0.7761532059034624
0.7750567290683213
0.7715615465129594
0.7784533438079599
0.7763733695639208
0.7674669968000838
0.7650803881448682
0.763389388982554
var_acc:
0.0016928547928024603
0.0022418599573734398
0.0014282896736273018
0.0014610466953519868
0.0016317693371374277
0.0020559324880867324
0.0018890792521043037
0.0009585579515569313
0.0016485327145622883
0.0012216244174959071
0.0024691499712966285
0.001241835046175901
0.000411608790958691
0.0017231857881865465
0.0011705354057939558
0.0015077435313373922
0.001038289465531455
0.0008409941908038816
0.0004455951299202955
0.0005926105457906404
0.00032535778967929474
0.0003909183432732151
0.00032567387211001
0.000943869259818714
0.0003398960569230171
0.000864016611328045
0.00021565345291785733
0.00028393518014843835
0.003671575889709658
0.0011278594617863318
0.00046341599765379883
0.0016265094718674058
0.002034511213793137
0.0016438580084520604
0.005127075187230405
0.0019061753970695627
0.0022810356966937897
0.002919735769733401
0.0015867383558607496
0.0006909913053234444
0.002206814931111696
0.0022383871685005136
0.0011487942444835296
0.005105843464049438
0.0027259687875662124
0.0015610098207925434
0.0012921955419675421
0.000403563993064393
0.0017868048483173624
0.0025919282488977026
0.0018072939219979617
0.001966083525126884
0.0005253125921931644
0.001898985243066646
0.0039141655958259735
0.0020492857273818744
0.0007409572701299014
0.001033762538313919
0.0007398464010220863
0.0017859051845282403
0.0006120435127574599
0.00017477144401409505
0.0019982644098558533
0.0004435239399856035
0.0016914205986617021
0.0015895659651894442
0.0005699642472909479
0.002423646837745166
0.0010158788735281706
0.001981532591998751
0.0003038334594488278
0.0017483738655390665
0.0007331411669214885
0.0012618986864583318
0.0007848506892327074
0.0019392886918951
0.0008624213023463265
0.0008984114404863002
0.0018078269311170292
0.0032158251340519165
0.0010552239094273016
0.0007598763490611789
0.0009772649755844251
0.0008811522212449511
0.0007746553564426424
0.002074424047769436
0.0007497805471161654
0.0009342524657025878
0.0017218748379650615
0.0013755229055499888
0.0006524488545964091
0.0002967574085641089
0.0014415258984217972
0.0007711704996535438
0.003912419816140936
0.0006396219832311113
0.0015546160114735742
0.0017634484650384272
0.0007228066898763838
0.0017083186598867534
0.0012072462837998139
0.0016220433899035533
0.0003972848601554665
0.0018664688993639364
0.0008020430570337615
0.0014097019245250786
0.0008126919102462821
0.002669091167647075
0.0017794145350724753
0.0017122466794772953
0.0034156651299996855
0.001511645639045096
0.001705546343699588
0.0004022838241656834
0.002445111468957547
0.0008203385697912498
0.002883930741397046
0.0005109712920440325
0.003912204841027902
0.0013316677674412858
0.0026039217078272316
0.0010177138061740808
0.0011147296508177667
0.00032177535825235
0.0006205479902208593
0.0005666170849699431
0.001345732985310706
0.002305958748487742
0.0018397854439499007
0.001466815282050142
0.0019929996350562433
0.0011546345452304665
0.0006228008395986323
0.0007575324655289849
0.0007223526395056278
0.00023534587651841618
0.0007024166279622302
0.0009929444098890762
0.0006421721912770071
0.0008997292855216787
0.0006701710241262511
0.00024410152057927198
0.0005530703727298018
0.0013103755867468455
0.0007644171217905458
0.0011505170253782277
0.00018530069947118237
0.000917385841773708
0.0005521080193106822
0.0012711741265470896
0.0024249350455344348
0.00024992863251989715
0.0005594736480517074
0.00019159969963390138
0.0005508794174837632
0.0005207641321802437
0.0010870481307193557
0.00028237754491456627
0.0007728628961908514
0.0011676393806966544
0.0031866761311122654
0.00039981820399326507
0.0009058180501220303
0.0001718371854904027
0.0007906618998703524
0.0003097728644789419
0.0005034004605482733
0.0014605987409541212
0.0008889580799635825
0.002484243507877922
0.0005351014016865734
0.0012014034975861307
0.00047039491728968123
0.0006243893236324471
0.0002963821172553035
8.745424074784894e-05
0.0005122324117202441
0.0006108684975081403
0.0003303554141633367
0.00017403164922434304
0.0006387370596582553
3.376430533112583e-05
0.0008139456700728913
0.00015739509234722322
0.00032026809422826236
0.0003825934087491528
0.0007015660108577309
9.990665150893434e-05
0.0007062798428532773
7.869842533790671e-05
0.0005324009017966596
0.00028527850002162705
0.00034013610737964565
8.163750277551361e-05
0.00047152804209850093
0.00024694218074988505
0.0003619521835505642
0.00017702797951247212
0.00031519865070298546
0.0004476951461558144
0.0007654566445218733
0.00022295119904240288
0.0007864840380829458
0.00030052909954840105
0.0011030950431934654
0.0001345767886079396
0.0009272314737339154
8.82143655407462e-05
0.0005624273216468819
7.807636738514079e-05
0.00024107832056640094
0.00018593790380440762
0.0006603448321898011
0.00022769954007473915
0.0011810216282024727
0.00034220999780662644
0.0016171492678040832
3.675727384003704e-05
0.0007047241581245216
0.00010416095609841785
0.0002524049704560124
0.00022756230293888847
0.00048250808878597335
0.0014597648925575876
0.0006850524478684502
0.001056847912230509
0.0004586813545336298
0.001298436208990147
0.00012087354568803841
0.0002372467600232159
0.000585717792102969
3.5848382675398734e-05
0.0002789583751325475
0.00016644710304055023
0.00019531326038989464
0.00036156249744277307
0.00031255638826150966
0.00011163604895524635
0.00013201637373051972
0.00045526434855280764
0.00034563566751731107
0.0006578090535918767
0.00032566835018642986
0.0008093185536239759
0.0002151093430520664
0.0006156597537931665
0.0002117645591437932
0.00019487021830980433
0.0008326554511966562
0.00046527358535071515
0.002064472547883038
0.0003171129499512179
0.0018118552085505824
0.00041197599910403363
3.319028569128625e-05
0.0010006182815796203
0.00029819034282827883
0.00010911215771513707
0.00010004546200852631
0.00048039020780550596
8.139703845877568e-05
0.0003175630770682987
0.00013231396621085794
0.00025011869327111604
0.00020265546533852698
0.0005870200306803752
0.00022429573476172432
0.00039076231902374434
0.00018132978065096448
0.00040087647916789486
5.749907968802955e-05
0.00040858812589392044
0.000349123996808316
0.0004743523875515589
0.00010704914529798676
0.0004081627257484342
0.00018593195456350522
0.00044300809875852105
0.00022927650867094515
0.00018258184620822363
0.00029841116527637944
0.00019590173674729648
0.00014673999428418136
0.0003891818093357299
0.00014279216670698436
0.00048636465048508917
0.00114703432958478
0.00016972020881149072
0.00017379786490644543
0.0003140019844218373
0.00019836427475380494
0.00029815787149335725
0.0001390097373723359
0.0002730590364965045
0.00024182926610065528
0.00039715267406665856
0.00020299306712424084
0.0002668469515788039
0.0012247433227489909
0.00019078545141394419
mean_cos_sim:
0.972014684373321
0.9283768895374784
0.931205527359394
0.9403305713598125
0.9449783298188787
0.9482670798608741
0.9490995240356266
0.9478412561780287
0.9440628802682571
0.9411990298137338
0.9367025057643893
0.9282682118185104
0.9225673109910367
0.9148033685978507
0.8990744833960148
0.893404242850201
0.8841817959116953
0.8685487140466304
0.8654626411888984
0.8465557339025651
0.8408327612283193
0.8328259398157689
0.8224753511545465
0.809555954964442
0.8227675851580294
0.8045347865245069
0.8028420111015373
0.8069534267261522
0.7807825651718703
0.7915818374035698
0.7806020174000806
0.7804208465636526
0.7753298829401395
0.7736606979163929
0.7430172228445338
0.7647409066173709
0.759825750423516
0.7514408119504408
0.7487350622170204
0.7542495514459719
0.7386100285097975
0.7429673304960905
0.7312212615140595
0.7316907885028823
0.734718268933871
0.7340826936634133
0.7252986131786737
0.7361922859424151
0.7310940291831292
0.7108352068099052
0.72295744946521
0.719156460773722
0.7097998726588347
0.7178152666999102
0.7062708139528604
0.7124605339020358
0.6979836769759293
0.7154547607957635
0.6860344478468503
0.712561856566
0.6881573104333535
0.7092363122263525
0.6985733281017176
0.6878135203251305
0.6770960464593553
0.7000401482621406
0.6759293447288476
0.6822873365388965
0.6804327506895229
0.6813559539478595
0.6756619141248917
0.681606232301986
0.671423581974136
0.66529722147904
0.6781414333077753
0.6694003513100917
0.6712312768912021
0.6597335557840169
0.6645055528602087
0.6687845588636416
0.6557853803075854
0.6539365771386878
0.6661648507613744
0.6539794988835557
0.656149816315032
0.6545819624122192
0.6511476601034464
0.6533992305971171
0.6470318447747416
0.6477968914880602
0.6472359605448964
0.649279113367702
0.6487562976609695
0.647697552164729
0.6389952803008423
0.6492201986093491
0.6323347422348798
0.6399097304793925
0.6439159307690225
0.6335069282493947
0.6410554837137269
0.6355362609229107
0.6342527682378521
0.6375780671811538
0.6319862822036735
0.6313637560607034
0.6331201610848993
0.6327999949985885
0.6346904346768988
0.6299334233805396
0.6249551574880947
0.6319168170481969
0.6249754119334353
0.6348487171888838
0.6291979012948192
0.6331430118514305
0.6211630412832546
0.6300954658570891
0.6238950289851977
0.6262899596207254
0.6210769437087201
0.6236316665579673
0.6187038455260006
0.6258012655219203
0.6206349472369392
0.6165893585513798
0.619416357581362
0.6141661988307308
0.6168768418979591
0.6160561957904469
0.6225759228960746
0.6163556125553107
0.6218741143613837
0.6194016285644732
0.6165416691038856
0.6089835497509917
0.6161979008905442
0.6097675868036008
0.6120148090214153
0.6144010621136919
0.6099877287766384
0.6102701961488398
0.6101711175870149
0.6090727684695934
0.6044157927195082
0.6057743037734774
0.6036375662472647
0.6092146691262638
0.6057654082517783
0.6001158085942697
0.6037817112575609
0.6029413991418424
0.6062387921573591
0.5986165854512303
0.5996626025584226
0.5931992938138416
0.599244451806869
0.5977293638657208
0.5971253409270421
0.5963336027069734
0.5963690543312499
0.5968783303341876
0.5943299724066866
0.5959586886672281
0.5950462394692733
0.5887950742155155
0.5900792096529884
0.5987526212472682
0.5962520048787099
0.5870553248368713
0.6005527169753723
0.6035298947567268
0.6013683020148648
0.5890368940728973
0.5893221075940673
0.5880523798955756
0.5915444177028082
0.5818522091282043
0.5938100566789241
0.5823965714734841
0.5879884781324904
0.5837955159594655
0.583295493462716
0.5842366031219871
0.5758422749877813
0.588544341517616
0.5737863497205369
0.5767811316412288
0.5802900293698307
0.5745435285917985
0.585531377323964
0.5744646491360585
0.5782909217102471
0.573189869781198
0.5752440277035739
0.577433993906552
0.5719943323705071
0.5851417567070972
0.5656114551853936
0.5784336688337379
0.5780432267765766
0.569402976636047
0.5749838707167678
0.5639119106878631
0.57448132012921
0.5681407953281006
0.5733100472309498
0.5703360927072316
0.5713103830010365
0.5646313280474333
0.5707775563601163
0.5666323573813217
0.565804810311036
0.5685344614833625
0.568930560355812
0.5748579797636175
0.5614579790708116
0.5738146710561712
0.5586526583126827
0.5726576736809177
0.5561387727785236
0.5668810526951202
0.5554555999422573
0.5696726559678853
0.559916036344872
0.5594851487797421
0.5544913165343224
0.5724363645442727
0.5474081728780399
0.5668783662634318
0.5494621029740829
0.5636273908661464
0.5481985526882449
0.5538875023024189
0.5561880056118488
0.5565998526998274
0.5555166540548121
0.5568060916281283
0.5531684507632546
0.5545346952246242
0.5476844499133149
0.5556895297532269
0.554952655063497
0.5518763314212728
0.5569506316237576
0.5563142273395281
0.5542757769140976
0.5481061409405866
0.5483193946300233
0.5507068135556825
0.5465837372062083
0.5596503756509297
0.5467260073405016
0.551761507262726
0.5383687778207241
0.555382181184469
0.5379445695002593
0.5536654817572123
0.5412789007291334
0.5509801324677535
0.5404499299998989
0.5561046271627049
0.5375256945984475
0.555215408157343
0.5339114201660518
0.5470885040534226
0.5378748291249698
0.5486655320707894
0.5352779982164666
0.5413634660862865
0.5398167962938878
0.5374486696501034
0.5375035164230912
0.5414834818136312
0.5317993813161931
0.5410031112530488
0.5367862408424495
0.5363371731277269
0.5411801258918075
0.5337321603555469
0.5370083756508341
0.5340318691302783
0.5325122957279489
0.5402770559982307
0.5263582497627949
0.5471925015032489
0.5339752465461189
0.5320192330589718
0.537423868559568
0.5286224857390791
0.5352769690207998
0.5329484712728434
0.5302939936749602
0.5302258119975017
0.5324345115890298
0.5219564350857873
0.5332656076180673
0.5233318843451475
0.53516118171081
0.5290447247006949
var_cos_sim:
5.044195847624393e-05
0.00020236811206364964
0.00027748692465309267
0.00010785801149621022
9.989069273839202e-05
8.715217651044245e-05
4.702750479263831e-05
3.080926944327601e-05
5.9208178496559126e-05
4.811985528850648e-05
0.00013469528084429506
0.0001807980957529233
5.8744481288791825e-05
9.727505478296237e-05
0.00021158802480266404
0.000167339870191555
9.946816226593306e-05
0.0004702943001947357
0.00024229647426668658
0.0001994492670419746
0.000823400785725707
0.00030043181697901676
0.0010141694356603868
0.0017195775335210953
0.0004666291784938487
0.0012068327380511958
0.0005344473364641752
0.0007278977435391288
0.0016530093592264624
0.0002056800326187725
0.0008085635770301961
0.0004357722879109978
0.0003148851155916733
0.00014578605668083566
0.00026043352646027687
0.0008143953283957808
0.000813081409714845
0.0004850643436994141
0.00038139701623205954
0.0002148437208192593
0.0008214240107164521
0.0005570821518030798
0.00046144323205485246
0.00041510813662752675
0.00017061071440926405
0.00037225034588380063
0.00040596389468952664
0.0001180320077195565
0.00014661308620254543
0.0004236619350577372
0.00039886852203760924
0.0004609139595676112
0.0001463355112370042
4.8490072880891316e-05
0.00045320870443916637
0.0001378458396151193
0.0010507614333654417
0.00011123869362695903
0.00042676092952063325
0.00023937744365420203
0.00046255678519485443
0.00024305916007291698
0.00031063168923031953
0.00026837215263849544
0.00040193582273288423
0.00030495106321126367
0.00031990963054253675
0.00019292181597546667
0.00030356860831379245
0.0005039359672957045
0.0002648515605322903
0.0004832219007481654
0.0003470909405788634
0.0006705392636893912
0.000561165933791753
0.0005998184936173524
0.0006492359886506326
0.0006821974955623345
0.0001878168235875825
0.000649503772216896
0.0004378464346832131
0.0006201915572411439
0.0006902020037836281
0.0003430774048602289
0.0006534144726072917
0.0002722535309451923
0.0009959661584220407
0.00022768711574808103
0.0006544628420113078
0.0003360908387871411
0.0007664208506740785
0.0008573249343868328
0.0009862709306956946
0.0014972712160362407
0.0006671558967689677
0.0009689259700978912
0.0002592904184499487
0.0011990701495327746
0.001050795068751099
0.0007548696702862274
0.0008015575466878641
0.000983824111505453
0.00040623227779952624
0.0009325609742046392
0.0006527114299170442
0.0009539484208091472
0.0008861702667981478
0.0009206075028871027
0.0008998459100654129
0.0010227854809788598
0.0009061810054402506
0.0013653849748465618
0.0005025227989395911
0.0011348983384924284
0.0006694435253619362
0.0013067892153912223
0.0006139027030229123
0.001278604924276029
0.0007208036178059478
0.00112130142761876
0.001353063250248851
0.0017476498545564152
0.001104745079629473
0.0011770825186515023
0.0018396140560570328
0.001195317953563521
0.002101504788289832
0.001024202225081654
0.0019805212149979663
0.0011732936189178754
0.0021384031030296886
0.002326235384713656
0.0025811366955312593
0.001942641177160972
0.0015170600495446503
0.001981914829195326
0.0017988445495177561
0.002068856770173568
0.0014833026526159475
0.001634325313484444
0.0017930388375763887
0.0018082251126854275
0.001787556577513171
0.0016619951479719722
0.0021729698758758908
0.002148401351949527
0.002085136763944425
0.001980397362455163
0.0016994283061221667
0.00241948078543963
0.001751895116661289
0.002115131893322349
0.002391388385848593
0.0022748441797518356
0.0023707354949372528
0.0028004764611082116
0.0020621124791906685
0.002393257712936118
0.002467243514845485
0.0021052745091623944
0.0029995456957655825
0.003253830508426459
0.002927815549792508
0.0032453534550574
0.0030467286425448037
0.002402984315440485
0.0031933537183825174
0.0023024321333970166
0.0034608018577905733
0.004254663471399177
0.005370837133431182
0.005628896222175508
0.004753712597845027
0.0049805552789298
0.0033951255685424407
0.003971399524162449
0.0035960956189849988
0.004149515853864766
0.0032043817323130766
0.0034091488516459316
0.0038754840182051147
0.0032863761184300636
0.004052421638161633
0.003263096581867054
0.004579855521328864
0.0023189631562785455
0.005085014439499928
0.0030167995338593167
0.005568961136892793
0.003609913070487191
0.003577923586460931
0.003567656700133989
0.0038003897331137584
0.0036262797015596806
0.004072114333621755
0.003239496750610635
0.005042844701628883
0.0022554355994114936
0.005223483332931181
0.0028986780400104143
0.0038542848472251845
0.004051630686489181
0.00400080796510229
0.004312247780568431
0.004150458422908592
0.0031599734621352515
0.004870647732096386
0.0034557162141677033
0.0043891824158551265
0.003749861226255711
0.00462686524682986
0.002593386691710952
0.004843050283294697
0.0031196110095768454
0.004719001151131805
0.0029317864583392867
0.004743964612928167
0.002813720004271381
0.004918619370519399
0.0028784215377922755
0.005473991328250212
0.002780523143952911
0.005203131231112108
0.0031648887559406523
0.00573725136666004
0.003572376425120015
0.005152336465561347
0.0055008080583269356
0.0054571039548467195
0.0034189003247175566
0.0052704202874602315
0.0037432721854813813
0.004490546927669193
0.005113350343092928
0.003834767550330881
0.00417112999758969
0.003760920002929033
0.004655996701519362
0.003674802306556701
0.0042725419441338305
0.003784805062076744
0.0036300854935744586
0.004009116242614785
0.004065194319085727
0.004214218538650183
0.0027870341813728654
0.004959432628094556
0.0036708011604504338
0.004320883201748771
0.0024855328991360776
0.005532248817720294
0.003346632857848449
0.005691808499319846
0.002827472036974709
0.006285530403723948
0.001983222953044584
0.005038737822668093
0.00254526492570145
0.004488122341282142
0.002959454201753521
0.004161894442236229
0.0031057677243394415
0.003711802727365681
0.003158414007195347
0.004538475448714173
0.0030835025847906396
0.003177901648323085
0.003526095257414491
0.003143767960628056
0.0046980747186255835
0.0026679335386948526
0.004888808261725633
0.002823816691103515
0.0039025946163994806
0.003064296755518563
0.003932037969385344
0.0030367857418818166
0.003675411807460861
0.002570165863870329
0.003712556925511964
0.0024643010169887085
0.004081298464923461
0.0026773683880778032
0.00362662949851522
0.003274758099663788
0.004823765492259492
0.0030620350918939476
0.00407247006223246
0.002651011782570609
0.0038565213200856775
0.0025577246643752167
0.0039280453605061725
0.002731716566427731
0.003354652742595065
0.0028422635278809445
0.0033356032133858883
0.00291864977056879
0.003037243378174946
0.0030339730830097654
0.0030680921934670073
mean_js_div:
0.022060223141455924
0.04289412694055515
0.051553477826346596
0.047577072359974715
0.04372290923277973
0.04045887335289382
0.03902947097440611
0.038693761603031375
0.038945410044698245
0.039706741144258116
0.0421776000669361
0.04527105962775355
0.04867314828328473
0.051868830277303726
0.06034454899086361
0.06098329982412722
0.06525507244897542
0.06954950034213651
0.07161444794291569
0.07933103683518136
0.07883292618887267
0.08221531961618986
0.08583541065962888
0.09038625335590374
0.08678028991729601
0.0917503812111788
0.09365422404836768
0.0921844447934534
0.10135913127527545
0.09835934251785625
0.10109495132026458
0.10003355034519401
0.10213088185757728
0.10199000158585403
0.11195777463041412
0.10553562054846952
0.1077192268837173
0.1096806922756794
0.10922127033519016
0.1091440755810971
0.11395076364131651
0.11333678746930562
0.11547715453571059
0.1155217356930548
0.11488073875672407
0.11664228440104203
0.11799631199844458
0.11476719766311953
0.11693710510378974
0.12199678119784836
0.11779957401404433
0.12170734801915198
0.12338008792732899
0.12180083873744696
0.1260991837096907
0.12294691973040275
0.1291327779146108
0.12308043167768161
0.1307664342873452
0.12522680153742344
0.13001352738210498
0.12520505906521257
0.1290812163950607
0.13079084256144813
0.1331942468870435
0.12754783537650333
0.13431331994237086
0.13202449166225053
0.13452215251660132
0.1332493615488564
0.1346561615643472
0.13277254252378992
0.13768526803519432
0.1366249678417664
0.13502411702988834
0.1369310904956095
0.138033954394326
0.14063617961121874
0.1373797888966849
0.1384266156875007
0.141266868074914
0.14315534023993962
0.1394005090599443
0.14287468847902599
0.14254377578197147
0.14278722224050147
0.14446038737635564
0.14366384085482756
0.14748991199944267
0.14525900281673826
0.14622356026764136
0.14625220261679023
0.14547983707535445
0.14739144997902526
0.14821113701295588
0.1469536690845223
0.15008150619395372
0.1503505980120959
0.14724013733316688
0.15130850897133857
0.14861912665284568
0.14981492131223684
0.15175955897991128
0.15111722301972544
0.15205091053256603
0.15187849688712501
0.1533036322590276
0.15171720359424554
0.15386905503546153
0.15483246215904112
0.1560133338938913
0.1554394238460427
0.1561267804549406
0.15223946559443371
0.1552636576309044
0.15474418449013705
0.158207573771535
0.15481553812960536
0.15802809519875632
0.1578415250220054
0.15852943016941987
0.15835157759817314
0.16117088955915518
0.15885727585848505
0.1601810687160911
0.1610366395375237
0.160924684746253
0.16339158707273488
0.16216972355736425
0.16299617683686546
0.16149587189174258
0.16221202187135728
0.160854408466812
0.16053200020966335
0.16430407498596628
0.16602878241940117
0.16337629413886137
0.1672974428725218
0.16528966911971024
0.16398980082909592
0.16674298431012693
0.1665945288316922
0.1652664239826552
0.16791960861115088
0.1687119252177614
0.1674680386984913
0.16979595983309353
0.1685554574325634
0.16865369962483007
0.1727519367657465
0.16929963682025415
0.17008283639553076
0.17116265095781638
0.17257815472325838
0.17378600270707903
0.17448950627054918
0.17207996864995406
0.17587969543264353
0.1714138054940782
0.1751605286882693
0.17259502525126016
0.17616337299538348
0.1734640569571987
0.17559493481657582
0.17489681485921987
0.17904590405498516
0.17585489741113
0.1740745130496574
0.175267064200692
0.17911172092758976
0.1727512620686241
0.1741069979496293
0.17395455984207336
0.178233579787563
0.17715170043013337
0.1801576080609366
0.1775305456374639
0.18158656017603078
0.17571668322986086
0.18330317465993873
0.1780150075436681
0.18261914723151965
0.18163000222898024
0.18165501469131626
0.18450437450612028
0.17908023275682536
0.18652886218806689
0.18429329365965508
0.1845381913728477
0.18529114930320892
0.18051422071115558
0.1871919995047718
0.18327793536001927
0.1876261420979087
0.18474407250481098
0.1865376845309056
0.18526219593476415
0.18448220049505104
0.18821763812865683
0.18576211133531637
0.18518899708905562
0.18891362138842402
0.18691678477062976
0.19185295346325898
0.18696172876490988
0.18878887453350163
0.1882093169744447
0.18856965192718117
0.18935400837431363
0.19179726878173797
0.18842671508985376
0.19065133404005918
0.19020583194425397
0.19149024939251086
0.19088607723921452
0.18841394554231558
0.19189151710642968
0.18849546947620893
0.19418680120536028
0.18988696847048214
0.19470411451994035
0.1921240538638426
0.19501753789000778
0.1891022414086062
0.19539731905244748
0.19252016702261743
0.19636918857137112
0.18913389656857066
0.2002958170842831
0.18956910867356422
0.19942424717484758
0.19214746794486365
0.20000000851956473
0.19413047956546287
0.1969261014134959
0.19349424919091923
0.19771265231642063
0.19293358998038662
0.1976063978168506
0.19432270607661098
0.20035513792391785
0.19401711940805852
0.19810225240473728
0.19711928043897708
0.19564288311161251
0.19568038205638474
0.1956140251027632
0.19964253162097295
0.19787433293968415
0.1987400808211635
0.19912581378503463
0.19703471782783877
0.19695350680070312
0.19972912292829262
0.2000768907053508
0.19972858577872477
0.19967999652084376
0.19953494145855194
0.19987686795723092
0.1996724826091137
0.20007368152593075
0.19744789356974732
0.20119572998230223
0.1969124745551562
0.20418117501900848
0.19978820521798907
0.2019049871940512
0.20001270359230044
0.20319473332427024
0.2011130399856167
0.2022178998540048
0.20307610947349009
0.20303469497186807
0.20085024458002768
0.2056841336125593
0.2004152663483147
0.20460058434433687
0.2019700482338424
0.20342776409183969
0.20412577545212257
0.20558596397585674
0.20248589078743887
0.20597614520045857
0.20037662945324372
0.20872942521439172
0.19955607399583014
0.20645545614984945
0.20330926732042948
0.20381547353555884
0.20559540477407526
0.20422714506107892
0.20428370615801716
0.2067748769900255
0.20541363972678534
0.20517761418324904
0.2090057367677649
0.20396794936011214
0.20784231515878626
0.20428502572216142
0.20658966359032632
var_js_div:
1.2647795073162655e-05
6.118854795851123e-05
0.00010864336890540444
5.15276663269096e-05
5.412830659590425e-05
5.223997968106606e-05
2.8491105623512583e-05
1.3377359911746115e-05
8.792917349852232e-06
1.1529300272506264e-05
4.30308925974054e-05
2.624797296003274e-05
3.696927744545322e-05
5.3509645513368295e-05
3.9041406182094437e-05
6.544252240368712e-05
3.946608828463358e-05
4.2076537647866496e-05
5.6551851176152254e-05
3.626145716289603e-05
3.682233149166886e-05
7.307052226960135e-05
8.87312286900135e-05
0.00016643853100473834
8.622618417421506e-05
0.0001368365780178555
7.677799718536847e-05
0.00012019164119632936
0.0001039338246135823
5.739375977568272e-05
4.894408823295457e-05
7.09087446514027e-05
3.843607131127501e-05
4.228235077889433e-05
3.105905630486686e-05
4.572994029257638e-05
0.00011827574435556608
4.31095578207946e-05
2.0230250228220324e-05
2.9569219103873233e-05
5.9806125136129076e-05
2.992235178676007e-05
3.48916543204354e-05
3.4201299742366236e-05
9.350638177067276e-06
3.096799173102142e-05
4.063358738876618e-05
4.379014124223171e-05
4.9216077244308644e-05
2.4959340390539177e-05
3.650785481047152e-05
7.933306304301212e-06
2.361116698152245e-05
2.514858644802976e-05
3.185794723465593e-05
1.7245393338155123e-05
7.273565928363973e-05
3.6258046963928884e-05
7.234953336824006e-05
7.249222845062103e-05
4.4286680840736344e-05
6.144750728066465e-05
4.4522051427532275e-05
6.055073012565088e-05
7.992255369563799e-05
9.125326433911156e-05
0.00011517946377912153
4.583065847456755e-05
5.10494760344323e-05
4.087694084676853e-05
9.837825012379082e-05
0.00012973114859995486
5.984638387455065e-05
0.00010939634970164258
7.025318005359456e-05
0.00016681236562769613
0.00013445559931525756
0.00018159633127000203
8.864965597188965e-05
0.00012162294932434172
6.502800744777668e-05
0.0002505423280910237
0.00014174165350483477
0.00011744379205682638
0.00020300678869790255
0.000138854401457307
0.00024379740936289525
0.00012307763358229492
0.00018701624991438023
0.00011322892754539696
0.00019631932327831677
0.0002832130379715858
0.00023110806099305755
0.0002576311105850307
0.00022422494111884103
0.00025958865418149993
0.00012550621709551458
0.0002940221495805578
0.0002612097029776464
0.00023103035053100457
0.00021813803035051368
0.00028293071168931575
0.0001849977535960832
0.0003544429183150761
0.00024870437954670405
0.00029952325665798593
0.00028019798898003094
0.0003562514279467662
0.00029763569895031205
0.0003663987528206655
0.0002997670712914
0.0004270902799007918
0.00027597423047949314
0.0003414423699211811
0.0002796917755990701
0.0003534825285515649
0.0002994838849622987
0.00039129369013410364
0.0002538182143584991
0.00037829808749461746
0.00041772075254216477
0.0005037985576216766
0.00036929027740208214
0.0004211423286518228
0.000551371160783396
0.0004416463812785167
0.0005036532566601833
0.00039353321842672034
0.0005805655145965236
0.0004701081007393532
0.0005652019605651772
0.0005777866628131241
0.0006214725746947191
0.0005986853796953068
0.0005451564809472478
0.0006213834866041153
0.0006046269467837193
0.0006322511027232981
0.0005029179190528335
0.0005471329410150416
0.0006463419959611416
0.0005091801211871479
0.0006174958244089713
0.0005530028286697186
0.000696065510714693
0.000549633794535425
0.0007049548759332792
0.000617301809386527
0.0006454761162578273
0.0008368037921361977
0.0006266456606427546
0.0005760343773573938
0.0008528323186571701
0.0007105910125289845
0.0008857677546854327
0.0008551634274825165
0.0005897182198740305
0.0009333067206849413
0.0007918552043155642
0.0007207855886761788
0.001040251516227171
0.0007743855204806885
0.0010714389164023718
0.0009484396752758468
0.0008598123765385159
0.0009032483893012895
0.0008985055026450176
0.000845209057906516
0.0007465075806501657
0.0011381643594123938
0.0010453901176339844
0.0013394360828984102
0.0010200845028662468
0.0013794091728366307
0.0009669552349885419
0.0010833280850758432
0.001033722988360808
0.0012433405808080034
0.0007832822746691203
0.001045509286961392
0.0010638247196635446
0.0010264152928484188
0.001075965404762124
0.0011103160706780152
0.001155949949433707
0.0006608528415032361
0.0015874149541387846
0.0007966708400291676
0.0016534632511719903
0.0009981324700883106
0.0009901065615107987
0.0011275172849425498
0.0010332104222210874
0.0010961627354144953
0.0010745013506842421
0.0009611746378564364
0.0012406908454853688
0.0006926911966469995
0.0015169585056742075
0.0008134570704851042
0.0011238669224064386
0.001024096543071924
0.0010645055451138589
0.0012186864000427553
0.0011737646462918327
0.0007556918741846761
0.0013985735364984893
0.0008474882093419824
0.0012714814494431815
0.0009987914925137903
0.0013397454260628307
0.0006829850191502792
0.0012478761930505202
0.0008143093779972667
0.0014024272745394605
0.0007222701841364758
0.0013346358643263215
0.0006983876351943306
0.0012782670570364127
0.0007202824484047456
0.0013780442199953582
0.0007443071222021105
0.0012356484717203444
0.000944324833007326
0.0012912692369999206
0.0008884276708215225
0.0012654434155637193
0.0011802512210984872
0.0012859344318909044
0.0008810042209903607
0.0012442791795399843
0.0010042894253215733
0.0010702661534993704
0.001250432726839305
0.0008446072741975309
0.0011052564603995527
0.0007423032881197373
0.0010985607759737659
0.0007105777897555767
0.0011145432578277144
0.0008791473812795736
0.0008960313436638995
0.000876248685230961
0.001021141171342449
0.0009125057308253872
0.0006862053800051545
0.0009796229890852712
0.0009906053505268225
0.0008955682944515554
0.0006892815960881391
0.0012275111751765386
0.000861963328266596
0.0012996428083418604
0.0007625278415576385
0.0011759614880386333
0.0005274852007370022
0.0009987616426037084
0.000738337743110967
0.0007692322748849763
0.0008366480307641463
0.0008030730213608952
0.0008066303968955321
0.0007298313486155249
0.0006936078547898374
0.0011456458473603414
0.0006052469395494215
0.0008400113765564197
0.0006554899937798108
0.0007987734300178047
0.0008556170441574415
0.0006320471133736948
0.0010046956507826239
0.0006615367767317891
0.0007618096488452829
0.0007681142339866657
0.0007305806781736056
0.0006706059159182035
0.0007024031542027059
0.0005751322163185191
0.0007145919914899637
0.000646013627745484
0.0006747978634786775
0.0006641375365593548
0.0006242014477729943
0.0008741475072118234
0.0008048795098157614
0.0008027795657204284
0.0007678811590864967
0.0005663687100791458
0.0007160462857662399
0.0006144434880070608
0.0006329204797829633
0.0006100211417350528
0.0005498194024686328
0.0006635132186515541
0.0006427348537080697
0.0006180761844560181
0.00047653085467634274
0.0006889624900673335
0.0005594229696260207
