mean_acc:
0.2547633226955695
0.26542314618728574
0.27899651245541024
0.3226992293167968
0.3329875700696302
0.38941693784388465
0.39323075938880486
0.4185726657241709
0.42085569098784636
0.44576122500317467
0.43338760873842713
0.42925055936609324
0.48994447682641223
0.5035747870059589
0.49934217978333306
0.5128735992931162
0.5277860904853404
0.5347262150473664
0.5487204442014317
0.5640902498465477
0.5430309644171294
0.5661757990687597
0.5647810710677821
0.5684394991897489
0.5766023540213281
0.5831594830332596
0.5836872319625345
0.5964597399291293
0.6084021418609848
0.6136590040028455
0.614370337520524
0.6074365837933523
0.6294014057819186
0.6092160488832332
0.629637666250937
0.6381384254012085
0.6403585669351284
0.6374253543374562
0.6475370742761606
0.6612503049852047
0.6525958024438504
0.6616064424757877
0.6561494671616249
0.6628050199926182
0.6735107535461806
0.6908631802353025
0.6731690308725558
0.6839285197471527
0.6833437328684967
0.6914675382035573
0.6958965206837553
0.6909351573164878
0.6932813718616628
0.6976610432047485
0.6969398695890746
0.6942769825942576
0.706752159626503
0.7017138727928289
0.7062982898963968
0.7181761443909508
0.7118004835183648
0.7072994406690472
0.7266689673404497
0.7204787243604347
0.7043655541933546
0.7223366201051564
0.7283224675780013
0.7256003601932558
0.7321939412306879
0.7358027232636785
0.7370025296196003
0.7364089512005736
0.7340735156734916
0.7388265904024388
0.7451863287384975
0.751263224162345
0.7484548729205514
0.747106120924469
0.7433784476470804
0.7505256844457673
0.746542768674806
0.7459899095624539
0.7501846017333569
0.7547464810084903
0.752188251059141
0.7598643002425836
0.759021294085354
0.763784546236604
0.7560428582201953
0.7614688845561007
0.7634471259180358
0.7532313742636411
0.7654526153235709
0.7638039131847607
0.7681520380041581
0.7677876433658417
0.7669646942284497
0.7693385110984537
0.767768097340327
0.7680264744518887
0.7735798552582962
0.7703718202389512
0.7732390767181297
0.7687883696952783
0.7755475735872166
0.7752886270658703
0.7754858099609405
0.7770834521005932
0.779176965286889
0.7771492622908293
0.7772328322182819
0.7773636642324045
0.7757458798601984
0.774754973196089
0.7749930143535628
0.7806260453715913
0.7767693678029948
0.7800513188643349
0.7799580534174939
0.782756323238981
0.7818121661079583
0.7787836810706719
0.7780517858750515
0.7796407361871653
0.782733986282889
0.7800596583354266
0.7826912565179895
0.7838052642635998
0.7841775955151682
0.7836321171045685
0.783451261768106
0.7863658782421417
0.7852699322842656
0.7843653045525677
0.7833217840744429
0.7837583909755006
0.7847687185717201
0.7880924866902085
0.7876304004949823
0.7844238227192193
0.7859025127093944
0.7863675168787891
0.7890856478600786
0.7882940920173234
0.7838857119015321
0.7889796629004794
0.7857338161434597
0.7915019464269362
0.7898706304714841
0.7882852652560473
0.7895129123785658
0.7928715796679028
0.7891027682195071
0.7909822850257385
0.7900220062107207
0.7923891756453261
0.7920381123184494
0.791955845432656
0.7926534451719817
0.7935123214596367
0.7908389179835583
0.7946558115076255
0.7907197800095065
0.7936695078852933
0.7916930867455721
0.7943244237311771
0.7930175069189805
0.7943823050312115
0.7930733615626862
0.7932925240395031
0.7927348363569832
0.7913518484644786
0.794767601940284
0.7939641766581241
0.7951112978697112
0.7934096137733326
0.7922004122207029
0.7977793519341521
0.7946298399038934
0.7969733664430947
0.7942688474368141
0.7956422423421262
0.7952374462563123
0.7938681403038573
0.7949357921388678
0.7960691951622634
0.7968961424839494
0.7943981125086484
0.7965976881471718
0.7944366457407481
0.792512505523725
0.7947005099013559
0.797107699120068
0.7974254751169709
0.7938688814603566
0.7985377719466663
0.7942177465811338
0.7990161606325644
0.7968223208915041
0.7971502288086244
0.798269356973511
0.7957492986458709
0.7979666796976053
0.7965731500858461
0.8002788875356636
0.797080039160148
0.7997430545354678
0.8001968785582487
0.8013446418498136
0.7994971049003883
0.801037512642419
0.8002344397181878
0.8014324568851954
0.7974354287402011
0.8009753845051366
0.8001023073660773
0.8005748591546904
0.8001373110207901
0.8015500337152279
0.7986975912499326
0.8001356723841425
0.7982282635310324
0.8034784770676786
0.8006572519142597
0.8008978014423278
0.797294515499754
0.8034797537015284
0.8002268412096136
0.8031953259612319
0.7996517579129202
0.8015062277822667
0.8007121890277793
0.8045970695597517
0.8005881162635624
0.8057630247503539
0.7997661106732395
0.8042241781523426
0.8014522625469261
0.8054505723436682
0.8010367475877999
0.8056225723937631
0.8011332613919186
0.8061747055704045
0.7991957836742609
0.8061489369421497
0.8006383412229876
0.8062052303009107
0.8003313924313435
0.8073869979868473
0.8023597831848572
0.8065943950875114
0.8041774573398103
0.8055484711135827
0.8027549593191292
0.8034919610501481
0.802904366234072
0.806580346126766
0.8034264307416288
0.8057704447664777
0.8049895596113508
0.8074548063083208
0.8042377417462037
0.8066859208978828
0.8054616769224353
0.8066632770673567
0.8044815411654049
0.8077347890583264
0.8053826381484187
0.8085827392596642
0.8053827927427492
0.8072589846749085
0.8063561985553364
0.807247134506652
0.8061337131277476
0.8082067014706329
0.8060626325508764
0.8092761139410983
0.8070463275831639
0.8067315948492976
0.8060052898227898
0.8087142588372591
0.8058234130557036
0.8099228425974758
0.8071022855409179
0.8096255654285816
0.8055110111489288
0.8086443270971616
0.806457067528649
0.8086913809964743
0.8088567068153978
0.8097315742863007
0.8086600405159748
0.8095314792138495
0.8073359528444388
0.8102425122402706
0.8065839275708241
0.8088067066108067
0.8078462225060845
0.8095424320974208
0.8085645959372378

 var_acc:
0.0020457510533497297
0.0033861497024335265
0.002135176530531987
0.002149630876940715
0.003610547137908781
0.002664007005983818
0.0027557987642252016
0.0032863970047399657
0.002746638377897567
0.003359099839822129
0.002674317903510201
0.0046523434436670725
0.0009509339505910894
0.00018959318325806898
0.0004540153735789226
0.0008161758115978169
0.0005249438401351584
0.0006099510241612842
0.0005998249532274848
0.0005027242509077262
0.002343987742826369
0.0001229751390743353
0.00018211610215252658
0.0007477144381057215
0.000482331934754929
0.0001445773827820017
0.00031326622430592944
0.00020514249556200277
8.745045257562278e-05
0.00012810343240512336
0.0005289500733035257
0.0005506234999747213
8.060293667641318e-05
0.0016385984246193293
0.00016600564524132467
0.0006075693978448056
0.00042391539947336603
0.0006446938096905146
0.0003325610607568678
0.0008522359664453555
0.00151540992855731
0.001372815387657723
0.0007148718181011321
0.0018690538279949429
0.00027266270498852997
0.0008917925244505303
0.00021665113605559514
0.0011302999781381494
0.001819380301749887
0.0005686987535643887
0.00048150080156484303
0.0005953396503628882
0.0010473518340805709
0.000921453160018089
0.0008095968964597972
0.001352156839771141
0.0006231551330504776
0.0005216443273991255
0.0008403281475972444
0.000412971831595145
0.0009536406423323749
0.0005311336757943125
0.0004432225121689816
0.0005964653634952358
0.0029798665693221344
0.0005316649755202946
0.0007466062178784033
0.0003717208633539593
0.0005532093825473588
0.00039214433688074523
0.0003413781856873413
0.0005790893664638901
0.000885353175735948
0.00038154943324522546
0.00021097653538659894
0.00012665656441205824
0.00013673577968695874
9.72797206772353e-05
0.0003500441317879316
9.051241549123177e-05
0.0006513031920150794
0.00033799490839300425
0.00023341698845694584
0.00011942119251271845
0.00026539912441388673
7.938119298509697e-05
0.00020418551949368674
0.00010054253786737918
2.821219617582744e-05
0.00016847527377429259
0.0003104406576640189
0.00015666443569395662
0.0001489544980114657
3.925037546771334e-05
0.00017268627315039284
7.08740615889001e-05
0.00010576035765009341
4.96170764889423e-05
0.00015704688063375647
5.777165244515979e-05
0.0002147899342745463
2.812082475621992e-05
0.00014698385522838548
0.00022802579599948662
6.94884144585845e-05
5.832020352015668e-05
0.00014465293613335632
8.903486068198915e-05
0.00012443386522238435
0.00013214211074011643
6.067775882456755e-05
0.0001306644378014184
0.00015592018473957703
0.00015068293534256123
0.00016554175959070658
9.127826112477155e-05
0.00014502530356972902
0.00012208768378287342
0.00013326821986338848
6.179801718447774e-05
0.00010149286244133425
6.452273397212712e-05
0.00018972009644721308
5.6871269628098926e-05
0.00012996032623661846
7.957443056775283e-05
0.00011515438153310158
0.000133263948182447
0.00013279110435801718
0.0001939322813673674
9.380198028548375e-05
0.00010116894671475353
0.00011178950479857872
8.112844482157793e-05
0.000138012924019202
7.581267207323883e-05
7.405569608397103e-05
0.00012631640312845397
0.00010198505427125238
0.00014057716606951864
2.979360542074563e-05
0.00012015224141064645
0.00010603934739940467
0.00010276878679428145
0.00010764856829093059
7.693349069243947e-05
0.0001182155186668982
7.566099085123513e-05
9.515153519836732e-05
9.018489788344326e-05
7.639645296824769e-05
3.80612821661105e-05
7.712839991553763e-05
7.785385217576831e-05
9.118842599888362e-05
8.21979464627418e-05
8.905120892595421e-05
7.891484589970554e-05
5.3946776980677505e-05
8.729586019594282e-05
0.00010198984566554894
8.344168832467417e-05
7.914772656168623e-05
7.332527945025067e-05
8.962164084931506e-05
8.20280871307906e-05
6.013222542024435e-05
7.993517671914867e-05
7.034881255944852e-05
6.263446362216958e-05
7.752449848861234e-05
0.00012965752671672683
2.8146612528304148e-05
8.717578081751141e-05
6.079242236069016e-05
9.343629227651575e-05
7.32143912587441e-05
6.201461490287325e-05
7.390280222063203e-05
7.23356458537783e-05
4.009553164392984e-05
6.411869154384237e-05
7.874558352587145e-05
0.0001219757985402741
6.742121218773005e-05
8.805180303625052e-05
8.84433759868852e-05
7.909866908232857e-05
9.456823522080093e-05
0.00021716468213173317
0.00013420118089316506
0.00010236951358878158
0.00010394843638366736
7.515500798674253e-05
0.00015655371254373523
8.713577009270801e-05
6.266094154064817e-05
9.682624679562265e-05
5.263072797317567e-05
0.00010515396329741089
6.046863647646021e-05
0.0001207671055107928
8.114649453235471e-05
9.776466856199866e-05
8.498709207383019e-05
0.00010331493643672804
8.915167779819339e-05
8.480236668793107e-05
0.00010370829618838638
9.776767862737068e-05
9.773582956212509e-05
8.941858759484384e-05
9.443917135725627e-05
0.00014614189955807684
0.000110551669122768
0.00011118038450817682
9.934488768413188e-05
6.867136937841164e-05
6.12089867001936e-05
0.00013718094056343346
6.502030107891623e-05
8.385281264984398e-05
0.00010148189902974167
7.11563279080982e-05
0.0001390272532910729
0.00010922392275329244
0.00011886849962267254
8.057980980041785e-05
0.00012759704822184329
9.294582651186893e-05
0.00013540452258112607
8.613297299842836e-05
0.00013904901102761592
0.00010330629492276622
0.0001258931433633123
0.0001500037159029213
0.00013969513065227495
0.00015148192002351288
9.505534386071916e-05
0.00011979778322234141
0.00012564639842146578
9.098817052647848e-05
0.0001076921570498198
0.00013878351308506731
0.00015029886324892754
0.0001210675273566849
0.00010378628773629861
0.00017013004029584953
0.00010429783967689015
0.00014127174724064067
0.00014012103344725744
0.00014866587817873595
0.00011229093578238574
0.0001232794113690824
8.867028075906986e-05
0.00013815004767681887
0.00017655001208330393
9.688322589500406e-05
0.0001265591695497388
0.00011397485531872938
0.00010692664601060227
0.00011887164850073232
0.00012042527131787329
0.00018872136767131864
0.00014319237802872914
0.00016097476145613941
0.00013357523527381316
0.00017307527772817509
0.00014590684805895296
0.00015444768646801312
0.00012693138808700475
0.00015392543419855316
9.662491795243341e-05
0.00019260025223496343
0.00011101747769379172
0.00020404658816470088
9.850889299226034e-05
0.0001736046664805793
0.00013924566958593325
0.0001381991799033019
0.000113714527522592
0.00017529848759757207
0.00012565938730276942
0.00016052405637921233
0.00010579764800062992
0.0001455997015197905
0.00010392753338101118
0.00017321772172283287
0.00014170541197625443
0.0001142293955591839
0.00011026844685487307
0.00016215287045996473
0.00010107607000943505
0.00016071101739336793
9.68574380661353e-05
0.00016626232722874885
7.349658485331973e-05
0.00012486244420831442
0.0001307043691168522
0.00015691074604515958

 mean_cos_sim:
0.9723641889941206
0.9293353232211109
0.9326256221350816
0.9414882329968355
0.9461593011639919
0.9494394913312654
0.9502373337197417
0.9489709588277806
0.9449804513742379
0.9422234489841148
0.9377295467081606
0.9282973168888435
0.9235613469148071
0.918788008300725
0.8969442074874758
0.8894738917126059
0.8748915845107692
0.8721252911489337
0.8604015531461403
0.853411193983374
0.843628437016155
0.8257118282008935
0.8205830635189638
0.8227322943079811
0.8132165851792635
0.8004460779528199
0.8050207571461243
0.7986412500857419
0.780625596837654
0.7840823528435829
0.7879735319964997
0.7731735408211623
0.766085813640314
0.7732269124861972
0.7525841696305331
0.7646801258594703
0.7672311907769792
0.7536396683530902
0.7487891998024596
0.7442081674546162
0.7423650909766742
0.7453096620626379
0.736807688364367
0.7284092485795768
0.7261061090166893
0.7265261015180247
0.7320435183744983
0.730642727031368
0.7209568692688284
0.7155744163239237
0.7148807835309151
0.7140794745345678
0.721292030203896
0.6922884496336053
0.7125337449662696
0.6960319329039211
0.7092915140634306
0.6901553593488032
0.6945962491991894
0.6927215052543648
0.6995722679961254
0.6901380291229795
0.6900071520385944
0.6936172807511131
0.6927088306928575
0.6870912266620754
0.6858383779221912
0.6851518859330245
0.6695209418554368
0.660132948844803
0.6821002007370952
0.6703296233249516
0.6720497730522311
0.6609982932860923
0.6737498239020866
0.6676338047225926
0.6708899298830003
0.6643760841217646
0.6609310208669739
0.6463327965025466
0.6601666031339911
0.6437071177272589
0.6661443836352878
0.6568293263262424
0.6572889844163156
0.6573705251677912
0.6547831034906222
0.6500908034035925
0.6568473109261976
0.6406274646267758
0.644834370355842
0.6500396880460209
0.6468448193460442
0.6440958502209435
0.633160015180005
0.6464536343041468
0.6387973078015463
0.6440900248715142
0.6332870660702096
0.6321805382413437
0.6336980010933383
0.6412571592717832
0.6216788748029654
0.6344856690620299
0.626572846418792
0.63475896240637
0.6257126165052235
0.629847247999578
0.6242873583410979
0.6329234806240857
0.6264306325903068
0.6272283699749902
0.6321093400660696
0.6246971726601646
0.6269563470876495
0.6236830248430051
0.6313311878736043
0.6251066859530232
0.6279177654536194
0.6208116679801883
0.6269387555788863
0.6205993300182667
0.6228997662758203
0.6200631006233004
0.6207465533278812
0.6217649509730361
0.6179992502764473
0.6176502123274514
0.6186763830134672
0.6154274454759359
0.6147272502226004
0.6128830387601665
0.6166278243189459
0.6132106726281451
0.6136680448780824
0.6155048699976122
0.6099372837834787
0.6110818451112718
0.608816288850047
0.603590156882361
0.6095248278096536
0.6016106636896504
0.6055116869364988
0.6061386323091879
0.6065387877229018
0.6025170305876102
0.6059212933641894
0.5989966212571067
0.6012739464267566
0.5964513250197574
0.5940889324026979
0.5925541392647854
0.5987470038547206
0.5915163651028454
0.5984919123591619
0.594336199843795
0.5916411518474535
0.5985300890641319
0.5907731307245724
0.5968625864770816
0.5885318663237186
0.5919252853159843
0.5878170739218895
0.5896974692526247
0.587691027100685
0.5905442035557021
0.5862382851025494
0.5877637537280981
0.5848855258157093
0.586725084303729
0.5865161046093583
0.5837743200017954
0.5829425747238407
0.5771773778309303
0.5841331502601843
0.5761500701045209
0.5849427809477027
0.5742602493180133
0.588171604092833
0.5788016554180652
0.5812913256001389
0.5802700595645824
0.5708082001737446
0.5761653671297519
0.579571452620158
0.5741386700392248
0.5731472332249977
0.5744551761604575
0.5751062892957236
0.5803442790193307
0.5893077260474249
0.5850859774131317
0.5807019542828404
0.5771470917172845
0.5739286041040923
0.5681617263358811
0.5780000927275946
0.5666018002754022
0.5790983396479725
0.5626869647933447
0.5679220906335131
0.5656741052016777
0.5665191016499553
0.5678713260441824
0.5587675959367268
0.5651388969729109
0.5644448378142726
0.5617349197852833
0.5631703269148485
0.5604714165229854
0.5623924637997085
0.5605168979983588
0.5609242670814851
0.5604486123979017
0.5619255397361342
0.5584231745657491
0.5633168364731213
0.5504157891233589
0.563492331014427
0.5512283175835649
0.5662958513203138
0.5523068058659498
0.5584466176746459
0.56091398205166
0.5548971788172558
0.5597791288633006
0.5537257662002193
0.5555596984122724
0.5556511713033458
0.5566520313923206
0.5526983565637452
0.5547348783273345
0.5567161160409992
0.547786591898018
0.5545842274118479
0.5480096939919212
0.5580118691917796
0.548360707624147
0.5571666562065125
0.5439631980725252
0.5412368521540437
0.5491652276432498
0.5499013224438809
0.5428102324731119
0.552401396739335
0.5498964083876692
0.5482446324387149
0.5433348074209959
0.5449116092290783
0.5392381847958011
0.5440121317721103
0.5348933740649
0.5392681267782016
0.5379946571142715
0.5376773413078291
0.5362494923146082
0.531645927673281
0.5428693958192985
0.5327493434026377
0.5368584750532085
0.532453272137438
0.5381657961240655
0.527385480240334
0.5330839360298909
0.5351543981039482
0.5273900119684013
0.5371187815465177
0.5277700304833263
0.5339763785169691
0.5421755701380297
0.5249967797585171
0.5239430351090987
0.5302257714455003
0.5257869356807732
0.532587769755857
0.5239279643451364
0.535283321583421
0.5213747971900484
0.5350515084854534
0.5221181919262466
0.5354726381961716
0.5164150892505337
0.5269870683440978
0.5189385393475299
0.5285632250318597
0.5194538993866411
0.5298258827030213
0.5178464591715661
0.5236242144644438
0.5279850328790794
0.523679357415019
0.5234761710776055
0.5191956052759121
0.5187850058111168
0.5159115598164566
0.5250730842184229
0.5214813470878411
0.5212576376585261
0.5178006312835434
0.5226333210187148

 var_cos_sim:
4.5634866334909685e-05
0.00019454363909088404
0.00025258163860784053
9.904334421190939e-05
9.296339300380909e-05
7.917221766105412e-05
4.522912151296143e-05
3.335689384661764e-05
6.824879629675259e-05
5.439187552798173e-05
0.0001336267054134533
0.0001985651800140497
6.403420615765023e-05
0.0001361091154206441
0.0002321280341829996
0.0003641421013008207
0.0007540467623187016
0.00017990521111006235
0.0009272916134241607
0.00046414136723348375
0.000522691162848797
0.0006905729703080736
0.0007184134778103067
0.00113548932551554
0.0005297742929324796
0.0007912279466642097
0.0009644849050869052
0.0007971525629134497
0.0008694185856361359
0.0006913754738680348
0.0009087772054540104
0.00033722145767854753
0.000603101089898537
7.42026438293623e-05
0.0008028524880931937
0.0009340694243248806
0.00028933540189895416
0.0006972987455778061
0.0004947929027171512
9.120130326118851e-05
0.00032590077589376916
0.0005455990292287579
0.0005166802259496537
0.0004628192262373554
0.0005479453285853824
0.00036356601016631344
6.73600302570733e-05
0.000322416672181863
0.000588174703017949
0.0005912869169432505
0.0008092101372764277
0.0003074658372369947
6.492636661503782e-05
0.0004625744192646045
0.0006326619895630024
0.0004349824732061677
0.00041957518517805263
0.0006275558679942424
0.0005805785380582263
0.00023849350302218095
0.00015918610091922745
0.00045908446821073956
0.00044812159043164986
0.00044322044225062244
0.0003409378623567884
0.0007696559732680021
0.0006163514485493821
0.0006667813745958372
0.0003093879783979366
0.0006001425120656403
0.00014967274635953881
0.00018982972471899388
0.0005797596386875065
0.000475859289450434
0.00042991583432994883
0.00039796221552759715
0.00020988837542277526
0.0003111828119561296
0.0001052861501939154
0.0005870450152024254
0.00023998628548748988
0.0017408076969304535
0.0009236843676942551
0.0010477955135918156
0.0005589397580606889
0.00017600870878318014
0.00034994268708147473
5.4860836463476215e-05
0.00040669266462732556
0.0007986928315860194
0.0004075481466968543
0.0007358667194471483
0.0006226319244827137
0.0004725451211225341
0.0007482610295330858
0.0007858583305399211
0.0005082778644310328
0.0007725707402216538
0.0007726581686747117
0.0003202459425373202
0.0010698580997783001
0.000738413367039384
0.0008368720327578112
0.0008395641147929532
0.0008418751922215685
0.0007417630190622376
0.0006518462207080842
0.0004217024575298439
0.000835289433850759
0.0007632492616784675
0.0006114097315229074
0.0007587240966808818
0.0009132759487940864
0.0007185058840521641
0.0009559982029930265
0.0008500252489476691
0.0013120145734292603
0.001306596148753075
0.0015504359938633705
0.0008045632349936654
0.0011785568164612524
0.0012122598402952692
0.0005818818638291227
0.0011151520857199902
0.0007536843787212152
0.0015022595744486828
0.0006993011181713276
0.001336043678624516
0.0005913331581721823
0.0018106075313113086
0.0018098899786207364
0.002059465952229975
0.0014905813955036933
0.001099041850819013
0.0015759797648807138
0.0013511726926104823
0.002364956839080298
0.0014392804366898458
0.002440393879501975
0.0017184674757833493
0.0020819394337480744
0.00188553651531877
0.0021006991171782278
0.0020616472738348183
0.0019736304300511614
0.0023654597356804192
0.0025047286364916987
0.0022872077752995176
0.0027474306530560167
0.0022179976512530816
0.0030756546514026225
0.0025747198069942796
0.0024311769524397973
0.0027563628518157794
0.0025581808812250523
0.002943754380069625
0.0033013509844852006
0.002946195684375977
0.0027603279983775607
0.002570089406505381
0.0027693752654582107
0.0030169001907436963
0.002945917852026715
0.00426820958258521
0.0029209581617232615
0.0033335467867311674
0.0028382303386452197
0.003873762527035825
0.0034140967876203285
0.00281549091595808
0.0034026803628744704
0.002893886571305657
0.004123635900483199
0.0037751235222052404
0.00414679896381065
0.003079223271258424
0.0030636096108870867
0.0039652287759822545
0.0034917612634097453
0.004438669087413956
0.004445191039466844
0.0034988715367878505
0.00426198008074505
0.004547521767177446
0.0035148424842291748
0.0043401427957355816
0.004297246668341707
0.0037698977296619267
0.004301924452799861
0.007737508789456319
0.005226354532044841
0.008982105517156454
0.005442268484492192
0.005208645192178433
0.004023928355986122
0.005122993635612355
0.004292850815645601
0.005389293772885534
0.004778763348178351
0.005392863999373179
0.005826830259187501
0.004901228174540935
0.004803764798550936
0.0037629101369991273
0.006494434222925136
0.0033060222644409882
0.005036868723836641
0.004755094553987037
0.004441790841982148
0.004820735398828194
0.0044950191033879885
0.004436981229697162
0.004355209422743644
0.004081647610165329
0.004708671028555255
0.004840169589175403
0.004862145243029273
0.004948445141982268
0.004759248497350881
0.005017497985534656
0.004259001232162191
0.0049895012480442235
0.004923506120359311
0.0033447277578340386
0.004800062574032192
0.0029841314535098366
0.0050045105179063205
0.0034783656316131574
0.005530776086735699
0.0037956651748210766
0.005416095682723802
0.003579941144086588
0.004520038729071401
0.0043438855437159425
0.004421999253463585
0.005251361001952746
0.004153263224201446
0.00705477241656286
0.0037141675671619073
0.005748873742655026
0.004228122791712861
0.004439017016137029
0.004274734899231099
0.005041187806999342
0.00461215283668615
0.0038159630528925748
0.003766383308440296
0.0043444878103253756
0.004854402047476455
0.0045033975433668065
0.0043279325931890635
0.00504772265156859
0.0031432319900810183
0.004805189536333155
0.0031539415460142043
0.006301137814606334
0.004569225505045055
0.004985651161229322
0.003996264300282091
0.004636792975377554
0.0031949587878692142
0.00488286868063951
0.0033808661469186246
0.00568941985219092
0.002271335670812894
0.006162159800196749
0.002654810685363836
0.006114391408820814
0.003322942154570998
0.00812836149670594
0.004028764655161974
0.005534204795733823
0.0031205314443485694
0.0050562168681660405
0.003372416253487248
0.0051999231944115844
0.0034736359889937676
0.005024164969395977
0.00399942087829421
0.004618588848148104
0.003759698273580165
0.0048100460817800976
0.003401902172936212
0.004888624586954435
0.003944122480029072
0.004884909248250274
0.003978419919808014
0.0044742372300936376
0.00342694619972693
0.005681109292255032
0.003567198108903948
0.00581772145595547
0.0025331465632067148
0.005538848414607726
0.002333386285413887
0.005407447711905982
0.0030782354816659666
0.005874022239310027
0.002285259438850385
0.005582262159494448

 mean_js_div:
0.022053822235089955
0.042336466117230395
0.050726438650123704
0.04684618981219256
0.043011368454449396
0.03975412784649112
0.03836750245244932
0.03817173650788329
0.03842272148600976
0.03941065368076967
0.041729856447737135
0.045070769570754544
0.0482482102591561
0.050986991062387556
0.059985253511348514
0.06324099914459147
0.06725049337008399
0.06878739026073692
0.07248394057071281
0.07656779130696992
0.08116434719074524
0.08464077071849156
0.08685538534759828
0.08595137424954509
0.08961642761608186
0.0931710022090679
0.09278767893455657
0.095381804905293
0.10065702205279554
0.10253767472298622
0.09903776808588047
0.10461309115739534
0.1042758930808045
0.10369404745121454
0.10785129385520101
0.10819811865541559
0.10472140478515342
0.10867768485305758
0.11177644976022183
0.1114254504466343
0.11130807249236026
0.11191289894094987
0.11495361026197015
0.11788174523623025
0.11682936248497651
0.11764495363591113
0.11701164280548551
0.11714392914672697
0.12008770123571252
0.12220688993027022
0.12163224589907289
0.12311727279268633
0.11938828767805823
0.12928052384583905
0.12143418121626796
0.1283601554825475
0.1239880214645773
0.1312673438467331
0.12737921704389982
0.12981600398778242
0.1259937863117509
0.1310070242890801
0.12920854920901023
0.13044174507650236
0.13064014225123347
0.13352377808350874
0.13257645348448352
0.13224653294050054
0.1376001457828404
0.1391567307024505
0.1328533966570864
0.13641313236730374
0.1374879230726064
0.13905578662998858
0.13631420720017268
0.1376244793252846
0.1365945893478679
0.14013289046929456
0.14208547755947304
0.14509990164460193
0.1409506227523158
0.1456971420593272
0.13990353513322681
0.14273082515602625
0.14222459377443825
0.14255856703452546
0.1430890140433762
0.14464537526899282
0.142937334186175
0.14796301987965219
0.14678868820412358
0.14543000499299324
0.14843039060066782
0.1460643848146727
0.15143071447730821
0.14702795847246003
0.14896608940047534
0.14868009727867526
0.15197943391598243
0.15292833283962745
0.15259394679706648
0.14971237788233185
0.1572592010184947
0.15243840671517947
0.15580406742967684
0.15304724981305318
0.15641241716692272
0.15472794359051587
0.15641119580918977
0.15486007927846385
0.15614792225808544
0.15608393890423689
0.154103743767314
0.15825720871214582
0.15533101650132242
0.15876007322610194
0.1541782520234515
0.1578337331596571
0.1567061794060885
0.16016864452921858
0.15888092845723276
0.15852676735488982
0.15924368350127635
0.16133540771478255
0.16035573157413802
0.1599720591050326
0.162278329789944
0.16221693131414816
0.16205060685263234
0.1630798838368513
0.16274584661331162
0.1650139690252877
0.16264129090198529
0.16509704504731437
0.16482380991516304
0.1645230925749943
0.16550153201200507
0.16644317722117052
0.16808427438681156
0.16794548210472166
0.16684257485202297
0.17011593005524478
0.16916843207356053
0.16953567789739504
0.16808257092645804
0.17126988101111015
0.1677229145669438
0.17146614944480795
0.17172430077722542
0.17224415415077737
0.17445525510981785
0.17507981590122568
0.1730177943723282
0.1749417231084598
0.1738496938110819
0.17415543036517594
0.17570008550477004
0.17254599543801857
0.17833660072702454
0.17395731162134082
0.17781964824909852
0.17732977678623946
0.17770144229905505
0.1795796015683392
0.1772249159909501
0.17919773883903262
0.17932659870355042
0.17956265314014358
0.17990329645666522
0.17899112261568217
0.17986186606160176
0.17925914542300753
0.18355787576801658
0.1826805781861311
0.18247063988397952
0.18338390276210445
0.1814542300583626
0.1851735523951732
0.18002506474159216
0.18334086582025508
0.18230369323152282
0.18248185991610702
0.1875216900923077
0.1838339177064696
0.1859639665435044
0.18517039037415128
0.187160710973322
0.18488356190076463
0.1874024785189019
0.18520118549114162
0.18214290006438044
0.18476014109118774
0.1842252782319827
0.1854319982538413
0.18601100481854513
0.1918676885623976
0.18384920849517639
0.1925413460335445
0.18511303975607793
0.19316561365731497
0.18901274238549598
0.19175106801946976
0.19102580886016782
0.19039320342263072
0.19456252866876014
0.1920563050677031
0.1913069552707155
0.19355027844727812
0.1914422225165834
0.1936736024362144
0.19265393688946517
0.1958163092202646
0.19294833536589526
0.19596393794836614
0.19333538820354906
0.1957836516311358
0.19326439619139454
0.19943177205716306
0.19169781536088462
0.1984558187425891
0.19217207790080465
0.19845087912804116
0.19467919080345114
0.19435364861368462
0.19616151272496057
0.1958748256284982
0.19607930408044888
0.19805045600257987
0.19511635406345676
0.19910578765406894
0.19664234434980976
0.1973809528896255
0.1952119238835175
0.20063711127863346
0.19674016619289003
0.19922508112056264
0.19602041607901782
0.19993197601211626
0.19581320705532998
0.20034062876256598
0.20281973179307067
0.19849610578077115
0.19917093367440658
0.20192368763182267
0.19866688401618207
0.1988224995932625
0.2004555828335927
0.20202652877426405
0.20183183259586251
0.20378911632903313
0.2002214851633406
0.20618420735995482
0.2026548571283718
0.20552023876673448
0.203110938324817
0.2047348683622908
0.20562262903767597
0.20081077533215025
0.2058573950872345
0.204393315990554
0.20487270877390892
0.20399705950371244
0.20795111515181364
0.20468772219262404
0.20617605633321995
0.20653712458106616
0.2046181907346079
0.2070415819568646
0.2060649412265929
0.20148991751135417
0.20835899522624998
0.2086713687665514
0.20732116251339142
0.20811556482871932
0.20658514167401387
0.20849115503902022
0.20457305790411953
0.21045965827111313
0.20415458356784918
0.2115994436109118
0.2025944133825023
0.21331870048612628
0.20681372395182523
0.21172869075985817
0.2060777746284658
0.21206926687453903
0.20561762387664997
0.21215355179716683
0.20821668880822036
0.2079463904328731
0.20723878016413605
0.20999554782600063
0.20993786284324129
0.21101570551456375
0.21197115910016756
0.20720734012820738
0.21072617075405228
0.20873444846795505
0.21107274888992075
0.2091988601537484

 var_js_div:
9.835862670758989e-06
5.435032999324639e-05
9.17489123875735e-05
4.190338001944459e-05
4.3955534836357184e-05
4.168057124184131e-05
2.1504982880341914e-05
1.1339985940528907e-05
7.955647825352213e-06
1.2035396856027525e-05
4.375680234779364e-05
2.776050428958473e-05
3.8620058666754614e-05
5.448025885306531e-05
3.12397698968187e-05
4.487909442370316e-05
4.398591437140406e-05
5.829962683132335e-05
5.6184565141294835e-05
6.260941824125155e-05
4.807872971939297e-05
5.174999888606644e-05
8.320499536061012e-05
0.00014976921573394612
9.929952495126579e-05
8.091904400555872e-05
0.00013596420239542014
8.155407414265205e-05
0.00014047634803379964
5.82522048288764e-05
7.458482892692045e-05
4.050012660357113e-05
5.4527422715261505e-05
2.8595168718769394e-05
8.111637543413551e-05
8.992357861198982e-05
3.9164899641318906e-05
4.639477692996919e-05
2.5846602662220746e-05
3.0498416879483924e-05
3.609755413247942e-05
7.506508705992385e-05
3.893776718127322e-05
8.623497676795054e-05
5.909652000153108e-05
4.1628525833003654e-05
2.0226398755624222e-05
2.7621631879179506e-05
3.4142463011741224e-05
7.071167543408064e-05
3.6474582641061316e-05
3.397231473863788e-05
2.785222126832609e-05
8.10637776960378e-05
0.0001245939424662996
4.775583607146561e-05
3.75324579509828e-05
8.436365814558128e-05
5.700026411714376e-05
6.755672384628792e-05
4.7056430210078165e-05
6.907201476114992e-05
8.199923509756115e-05
6.184123113988938e-05
7.955735718377707e-05
8.755486219182565e-05
7.867348088672546e-05
4.589921260490637e-05
0.00011735927877352435
4.6423542984296834e-05
8.96038095340583e-05
5.999136056922316e-05
0.00011116100100183196
7.530273963855605e-05
0.0001257503105819569
0.00010568935365683225
3.875366817347164e-05
8.440164892541998e-05
5.5153502625209023e-05
0.00010891187055818193
0.00010895604545928341
0.00031407552184400516
0.00013529087177506293
0.000198202362864458
0.00013122263634589136
0.00010203540111476045
0.00012226778675233506
6.273368159598915e-05
0.00013057563661833077
0.00013931078329141016
0.00016961564192172028
0.00023484571150273162
0.00022897226611869433
0.0001549359315286068
0.0002497851323769554
0.0001831157212063411
0.00019519793985946443
0.00022027831828527893
0.0002712215653746586
0.00013892468797410755
0.0003586145272995024
0.00023438631803941932
0.0003065635768731232
0.00021331893532459058
0.00028659194259750574
0.0002458394843022924
0.0002225357617489985
0.00017463135268995568
0.0002723505327384732
0.00028875155331827945
0.0003116689985614958
0.00023812899128159516
0.0003362109694773598
0.00032199827464784715
0.000333199914029759
0.00030426615476208154
0.0004753166760979011
0.0003774300083596729
0.00047392561267711703
0.0003566678651043946
0.00035850099828646026
0.00037355398270240805
0.0002808007339283608
0.000431050647886692
0.0003229702493960655
0.0004701838664012315
0.0003185126222752195
0.00039794885337777764
0.0002869506005904106
0.00046970726085308125
0.0005743777355905643
0.0005545861681457889
0.0004929021449836584
0.0003957659796303623
0.0005179715694099704
0.00047641179147340205
0.0006801902190717443
0.0004681637349771726
0.0007061198937249654
0.0006017180361231809
0.0006684700352834578
0.0006399399458654169
0.0006890433106710774
0.0007170528577903584
0.0006946149757668506
0.0006726819725519263
0.000715565285488315
0.0007374526120418954
0.0008731080412384771
0.0007275174192526486
0.0009546367168350986
0.0008442480840060109
0.0007519278217968861
0.0009170704840756111
0.0008920515049521776
0.0007598735528636201
0.0009750390094452953
0.0009141915241316075
0.0009569349912244477
0.0007842294343261592
0.0009188730174478972
0.0009779412097908832
0.0008536529372913654
0.0013615792545460935
0.0009172646336911793
0.0011409823684071013
0.0010102272013975296
0.0010471714637672518
0.001231127725511115
0.000783002183113966
0.0009707784344974362
0.0009074771816361671
0.0012464442734333098
0.001079051569624668
0.0014064044839096762
0.0008352106592995883
0.0010038613284230331
0.0012158736830702535
0.0009081007262951863
0.001414212740885793
0.001196572914574852
0.0009991226379516627
0.0012196376111915407
0.0013565316989600637
0.0009731632736837674
0.001223822129394803
0.0011814727557265402
0.0010797836035060394
0.0012000716152939903
0.0019021297154955827
0.0010673695463468155
0.002105944585617039
0.0013883606243326712
0.0013339218161648927
0.0012582754888896645
0.0013241003044450236
0.0012590383694587133
0.0014293602350763737
0.0012545835157592696
0.0015388297523275176
0.0016437009397871274
0.0012784694383764974
0.0013836982785985492
0.0010508886384388767
0.0017315181564530905
0.0008514024652325211
0.001330442570485271
0.001342892786347882
0.0011029006733150552
0.0013234904389170343
0.0011552560522952288
0.0012571747398811288
0.0011996942403133706
0.0012433948832377081
0.0012743612938931686
0.0012745129770116567
0.001283560496372149
0.0013145876645794165
0.0012307905370021425
0.001322392184129674
0.0010193402936919727
0.0014378156527255959
0.0012400660454651908
0.0008619256856250237
0.0010886963413137495
0.0008372407659699386
0.0011738439374065991
0.0009952686677235027
0.0013134401056674925
0.0010931662889244543
0.001326348478450828
0.0009684529665799884
0.0010695024483603458
0.0012032446643014667
0.001096509157117269
0.0012828428214914165
0.0009834753520998277
0.0018163581152376824
0.0009357522053982192
0.001231236671966128
0.0011342597103331372
0.0009830499344096087
0.0010198652815815391
0.0011281705498500454
0.001107750649063627
0.0009592070816010716
0.0008155895887692831
0.001152300580914892
0.001137236502680052
0.0010111866908657007
0.001007711834726389
0.001119184440593309
0.0008513546587845183
0.001090772719262166
0.0008411872300571731
0.0011927378319857391
0.0011473103121836586
0.0009324479030119243
0.000910370189401308
0.0010793044995575601
0.000781914563706963
0.0009869347847368112
0.0008718682252774944
0.00120312330634219
0.0005436373234615649
0.0012387531419625047
0.0006824059876972554
0.0012194044193846523
0.0009456885118913596
0.001394916141812553
0.0009294178071874096
0.0010411390133627733
0.0006946921641997238
0.0009283727573211461
0.0008288247485095321
0.000996562973452194
0.0008871095645461369
0.0008506561292051911
0.000982202154555259
0.0007673224481451347
0.0009565112346630508
0.000896471726572108
0.0008272603310226333
0.0008996466495655571
0.0009359339297161282
0.0008006216007321578
0.0009307776887496908
0.0007648535656736084
0.0008137115084937628
0.0010073319778515916
0.0007604164785144845
0.001057483636672712
0.0004924874621347133
0.0010248935398537394
0.0005768473808720649
0.0009410804344687711
0.0007690104235442376
0.0010239304893447285
0.0005106686290506658
0.0010198228168375291
