mean_acc:
0.2547633226955695
0.2653474062704578
0.27899651245541024
0.32329854438528993
0.33341972060620884
0.38804423473809035
0.3927931071604851
0.4184082134872759
0.42341837596180093
0.44032893113757526
0.4460240387887735
0.4357887262110077
0.46427370713182875
0.5051345890783087
0.5109693067611996
0.5185633302087316
0.5137014998037783
0.5438089027402869
0.5422975447195203
0.5508144635850203
0.5482831367750852
0.556135729537486
0.5652057428087351
0.5695641265366872
0.5719192268763197
0.575730174556399
0.5879198212807724
0.5800031161606161
0.6010199894545558
0.6068410581368878
0.6053066154786629
0.609036405816904
0.6228409921645672
0.6184340235894765
0.6270821503043724
0.6390372462930871
0.6337960684600403
0.6400050206950381
0.6564444871240499
0.6556649300516311
0.6554740698116565
0.6605775016348773
0.6587924353119626
0.6759352622502355
0.671860092226465
0.6838706810500691
0.6851670493703893
0.6716192157978489
0.6773040392570214
0.6975894867387673
0.6895344092988036
0.6821775951150133
0.6936831142860861
0.6980514946609945
0.704208201050139
0.686839953192203
0.7126803399349254
0.7004159076652552
0.7167945345245254
0.7131094375875218
0.7266911232944021
0.7106893555500758
0.723268890841334
0.7212642503662228
0.7255676679005049
0.7217506165204146
0.7311534634321732
0.7304366567478449
0.7249472123119886
0.7381620414946921
0.7263536114053462
0.7398381412535349
0.7366704797116549
0.7433725932079658
0.747979584353891
0.7399627745630376
0.7412343846941695
0.7425055532365167
0.7403976134696297
0.743035062438688
0.7504876924594378
0.7495381573916863
0.7449775046145315
0.7483825064544058
0.7549811209690798
0.7546300559143658
0.7518396702545518
0.754670282716014
0.7629107013377728
0.7550968544591494
0.758418603251952
0.7559026288891201
0.7662550914543745
0.7657620152117955
0.7690747078629974
0.7604801254041981
0.7685331406946568
0.770776749529184
0.7721825851766398
0.7657667275598714
0.7742530428100717
0.7730692484678063
0.7661471858576473
0.7731253384601633
0.7718105170453297
0.7729620907733137
0.7730960444920486
0.7767890148283315
0.776098200551258
0.7722866013119456
0.7788150504657076
0.7738330462230676
0.7795940415854979
0.7766692378674179
0.7734460846604644
0.7777167491977122
0.7773782503998187
0.7788857455325872
0.7814921893952664
0.7748611861722152
0.7829362575881016
0.7795697598986953
0.7830209520632817
0.7817637777427608
0.7817731665846597
0.7841170046252668
0.7833073825617873
0.782435787346282
0.7846863547281684
0.7852071934912311
0.7872274959362969
0.7833311534497305
0.7838680801583362
0.781729874543674
0.7818722720219019
0.7813954899620363
0.783303495413111
0.7848435147460157
0.784887347085305
0.7892026892127607
0.7888048227582887
0.7887231227740713
0.7864575079514694
0.7870101022074302
0.7899632299402276
0.7895333840183942
0.7891976989047869
0.7857668962604288
0.7908955949290105
0.7893051411094494
0.7915475451999492
0.7889538487902117
0.7891945762258219
0.7915432210655362
0.7916396864885075
0.7880840171092957
0.7922122893816768
0.7869843378167025
0.7889054623483143
0.7895487119272158
0.7911693305932486
0.7899465995761361
0.7920464781958692
0.7900002309443254
0.7942940774931209
0.7885786791743848
0.7940350787425451
0.7933739204378656
0.7930646383109214
0.7905413613223922
0.7959802559685987
0.7938162537854986
0.7926713280763397
0.793365141472829
0.7919618101270169
0.7956492016698566
0.7968440456579884
0.7935833559695867
0.7955906568999327
0.7932217478288577
0.795982635372301
0.7949747885690502
0.796196853608065
0.7940886091109125
0.7960958589564398
0.7973164983700801
0.7963860468817637
0.794349985146427
0.7970033022972055
0.7963829315349229
0.7968736480358741
0.7950366104168065
0.7961570630117826
0.7966576155686651
0.7990466587612796
0.7954048929841702
0.7986619241268117
0.7989271925228821
0.7981784707349091
0.7986519464099986
0.7991997504343289
0.7966732497670128
0.8005368371108951
0.7967894408508783
0.798375976291519
0.7970810910391635
0.8010436779995128
0.7961027194016304
0.8003651940457004
0.7982809492333888
0.8006529277798468
0.8003787312317522
0.8005127599334256
0.799095841097114
0.8009322445517546
0.7993960622570602
0.7992151791475093
0.8026773249760382
0.799446288945804
0.7998857074123844
0.8024479575193657
0.8015391606370299
0.8006342483951622
0.8028899872811438
0.8002268144123594
0.8027018414534707
0.8021073086995758
0.8038655163168918
0.8004508609839676
0.8034332647804915
0.800218576527479
0.8014837119442799
0.8014253452773612
0.8027350565041772
0.7999906884846709
0.8024549962615435
0.8025525594364694
0.8012946709506851
0.8025718276975496
0.8048332440640513
0.8023962201865134
0.8045794401307826
0.8037927705015818
0.8034675509813614
0.8043649896125968
0.8045188733329827
0.8035889885522609
0.804042660684383
0.801312862069351
0.8061719425800108
0.8036839967301688
0.8049733878168894
0.8039784359257309
0.8037677987430986
0.8059739175271382
0.8047109356147948
0.8065995104888899
0.8063808912109923
0.8039697610551138
0.8075075693078423
0.8061233225187807
0.8048531010060639
0.8059593311657423
0.8050253061504
0.804868782805188
0.8045544941937196
0.808079556722825
0.8069613771229054
0.808058674503588
0.8052239701901343
0.8057926277131472
0.8070928460051263
0.8072297606718347
0.8048266951202663
0.8072626428312238
0.8062110670027325
0.8079646150861102
0.8077628838852193
0.8090383782927797
0.8068686448391883
0.8073517655352365
0.8081938566690068
0.8077951220413304
0.8091841031532875
0.808357438029026
0.8086395952824743
0.8079122643938345
0.8079757223685486
0.8067352285225852
0.8068468695727928
0.8091600473657297
0.8101635750509837
0.807312203735852
0.8089492559782119
0.8085226069393927
0.8094133669064668
0.8085919764048859
0.8090163740340233
0.8080921455393728
0.8102255464751724

 var_acc:
0.0020457510533497297
0.0033517672426038266
0.002135176530531987
0.002110489779347114
0.0036653888117460518
0.0024702070820736056
0.0027306516920873195
0.003297535187051369
0.002912697627355655
0.003024395766393327
0.0016894559982648287
0.003808718714478202
0.0063074832831077335
0.0003768389916237641
0.0003778578823610351
0.0019142838649083892
0.001466732731977027
0.0003902610728445134
0.0007528617039162476
0.001180825397172803
0.0005358026045559673
0.0004019578546928578
0.00017669164153431212
0.0008593277851921442
0.00046327119840562463
0.00040697465529450296
0.00027778463467420576
0.00023575847971719755
0.0002688928160313888
0.00045312584761273534
0.00046547581834728883
0.0008452339496652971
0.0004381512026131056
0.0010341226836030053
0.0011831804836214266
0.000802025552691098
0.0006708442166638205
0.0008149810929030448
0.0004908270006822983
0.0004476473880231563
0.00043692168422768504
0.0003845083396215327
0.000891281026291292
0.0009640885484832317
0.0003694786347925569
0.0006228510486945082
0.0007140427548350905
0.0012538659844224512
0.0010160069244591217
0.0009705799477199144
0.0005835822689262307
0.0012817386688626705
0.0014673638862324277
0.0011379671473483383
0.0009231439428680528
0.0021097675650421427
0.00022574844581787777
0.0011647630430408817
0.0002905718608858017
0.0011305861613034047
0.0001382810923909598
0.0007677894801531017
0.00023507455332490471
0.0005653979687708524
0.00024174481035890943
0.00038369075110644544
0.00023706637025208992
0.00035626573654496454
0.0008121708289994974
0.00029104820120305045
0.0003413672255874477
0.00024500084077655075
0.00038178185371495093
0.0002217153932591541
0.0001415352203239822
0.00033656070608564743
0.0001617132028424928
0.00034105711619443653
0.00027851377229200013
0.0004142753816224052
0.00048306928246441853
0.0002908527436984424
0.0004762624413177523
0.0002252242974588422
0.00013467277297488114
0.00012206965531094857
0.0002660627278625164
0.00013597783383132968
0.00018573252672158025
0.0001330585173463704
0.00026655434885257694
0.00029698188836067504
0.00017688785374540418
0.0001996940158315369
0.00013529710499028777
0.00010439696029212427
7.354529305176588e-05
0.0001548175280566065
6.078154115114243e-05
0.00024608771771941464
0.00010774050862645205
0.0002029934856876541
6.0453567171823584e-05
0.0001826876330540496
0.00013705055911739542
0.00016255131228708978
0.00011667289663852726
0.00011631987969525973
0.00010924744619084753
4.860830913404098e-05
0.00012613632257234544
6.539720746940041e-05
0.0001345832411434987
0.0001283956943948921
0.00013619377942118826
0.00012201382347835984
6.515257260615898e-05
0.00012277546290710535
0.00010632953066869611
0.0002282588844109187
9.514736099051714e-05
0.00015836780326907273
0.0001056252962296291
7.046543350294177e-05
1.586510070824329e-05
8.155976476613465e-05
0.0001191356169403834
8.423474227704515e-05
0.0001394849333780183
0.00012699959924528272
0.0001198527287617354
8.266512773308681e-05
0.00014204470049226104
7.763009866184181e-05
8.677134508057861e-05
0.00012042536245699703
0.000139996434605512
7.23197423561091e-05
0.00010282285701300323
0.00011262626546693807
5.487489370900552e-05
8.870584285110575e-05
0.00012583988562910918
0.00010043663433322918
6.543821618906282e-05
0.00010780395332516769
0.0001130707412726814
0.00012288101675617208
8.342631930221441e-05
0.00011608742171264431
0.0001082563877870052
0.00010465797713782328
0.0001365089406987472
7.061649545185938e-05
9.643020669511512e-05
7.396958465535218e-05
9.59229405070265e-05
0.00012331367211159162
0.00014026746823178127
0.00010054304838172052
3.427353718432141e-05
6.111193823323177e-05
5.7506988443618873e-05
8.243498802129739e-05
6.597576155042678e-05
0.00011462536051366712
7.807903738554898e-05
9.75786828958961e-05
3.740030723256013e-05
8.946549604329197e-05
8.623942347227427e-05
6.292373168813927e-05
0.00011272958114472158
4.127706189016738e-05
0.00011203991744707747
3.6136010788697925e-05
6.739790480831129e-05
7.4121042629218e-05
7.396033957483031e-05
3.6484556554888925e-05
4.346043210150581e-05
0.00011808936148365406
8.705863657654619e-05
8.342274108891294e-05
6.2276714324029e-05
6.810360984506055e-05
0.00011829032720460526
3.3967876715185525e-05
6.251359448159793e-05
9.281929722823598e-05
4.189909812292489e-05
0.00011395765899006634
6.423963780103683e-05
0.00010091469933188699
6.331684279764546e-05
0.00011454514435713209
6.507717704121924e-05
9.038048488182282e-05
5.186824608874299e-05
8.557391465741089e-05
6.52734073767476e-05
7.801785606027645e-05
9.229408051025384e-05
6.858381680286181e-05
0.0001151122379776778
0.00010265123522028398
4.3102352625309284e-05
0.00013124147351141073
6.50322697319561e-05
9.98092442047892e-05
6.647123147193145e-05
0.00010424546626801395
0.00010318346276460908
7.858543261426575e-05
5.894915522559263e-05
0.00014726140241070877
0.00011263872744203222
0.00013371438949786308
6.621727051390375e-05
0.0001679666685124369
6.594825206467696e-05
0.0001477100302463793
6.997549056628491e-05
9.576008474669006e-05
9.643507863799598e-05
0.00012826036843111065
0.00010633128011819366
0.00013620779492490355
8.50662396484612e-05
0.00012478462372526798
7.271915709062417e-05
0.00014075261360195452
0.00011277611209181264
0.0002023601865341895
0.00011015929681969755
0.00020170401108848886
0.00014037402023286505
0.00018517245384590082
0.00010255692315479368
0.00011401448775502476
8.814972316940549e-05
0.00011347290639940791
0.00011285418723427186
7.19168833505554e-05
0.00014432337513543896
0.00011887863275801014
0.0001020002616555639
0.00014778978755086822
0.00015305096115824027
0.00016762149368504376
8.283823222767658e-05
0.00017028058209968863
0.00010972483883095211
0.00016390434363351298
0.00016059971228184707
0.00015714868337243006
0.0001327002132919374
0.00016187265599925364
7.279459876016357e-05
0.0001747614236974136
0.00010439159545656197
0.00014800422570162568
0.00012539718851684213
0.00020394275916827117
0.0001663160279842756
0.00021231382558448895
0.00011676764006495198
0.00019373203418293888
0.00012182395395053932
0.00014785096544673286
9.52716756204309e-05
0.00019702950167163337
9.027491296311255e-05
0.00017930249790196467
8.99909504671874e-05
0.000262857061577431
8.101430984585475e-05
0.00020831332734354676
9.404438746322207e-05
0.00017709962537389542
8.661094160314619e-05
0.000237913982127067
7.630275550036728e-05
0.00018364052661955016
7.585821160628629e-05
0.00017415476453255268
0.00010743637823258828
0.00019197114364153395
7.807149701564357e-05
0.00018252847138973413
8.784902031501392e-05
0.0001690757594947226
0.00014829034371581512
0.00022027526622257618
8.612527857569606e-05
0.00020652726179188745
0.00013529373436438653
0.0001465042525873137
9.903500258553684e-05
0.00017153023608329195

 mean_cos_sim:
0.9723640824491863
0.9293411198480046
0.9326313634149018
0.9415050293703306
0.9461549812756621
0.9494424164636313
0.9502665818285638
0.9490081848655711
0.9451244958152936
0.9423262325759707
0.9365866293323789
0.9280708491388733
0.9222331043689161
0.9192969934273479
0.8993130955867249
0.8895946356905151
0.884637898825033
0.8715078090821698
0.8590766034412336
0.8433635040745335
0.8505125666489587
0.8222166097732456
0.8292178991397247
0.8080968114830849
0.8089073415682029
0.8076781622282312
0.7932825219608656
0.8031075433494339
0.78597358512063
0.7923196404568085
0.7956989938105515
0.7884874794131228
0.7736152938375638
0.7658319970363282
0.7635271289259596
0.7714516596749155
0.7559908711464113
0.7680403530860089
0.7433782433391962
0.7518312292368406
0.7413483734751527
0.7432684490811434
0.7344119649729894
0.7370017720947724
0.7302391717854297
0.7308171829544537
0.7411215433920311
0.7264022503317722
0.7196425009745775
0.7213150725120856
0.714253075964617
0.7108581526339659
0.7080325400709253
0.7210445730416792
0.7044115681057901
0.7244751144172021
0.6960123646800562
0.7078691786167215
0.6926785990758205
0.701672680269002
0.68296206344654
0.7036739991596453
0.6911452044865086
0.6977301092086172
0.6870775555829153
0.6937542726733048
0.6763929673370942
0.6844124783215447
0.6772482542933741
0.6795549619069915
0.6831287988863209
0.676064765385416
0.6772931997448204
0.679682763247561
0.6717763230714512
0.6686540861071135
0.6589285283076689
0.6692988281545763
0.6677650450783343
0.6687161877341611
0.6613113926962001
0.665310035559757
0.6559777350751744
0.6570567077082531
0.6546108916449007
0.6609154827855691
0.652574127389151
0.66159758194413
0.6469008566745248
0.6535538509195488
0.6415265555721118
0.6491566520983688
0.633447452650902
0.6503728446403875
0.6290196595054273
0.6412531101034705
0.6340190992708825
0.6326907513188165
0.6384843234212572
0.6355144124027529
0.6331339356532848
0.636970236974203
0.6327718501400642
0.6354824794432422
0.626399912055841
0.6351473013107523
0.6293659551254438
0.6307639680994978
0.624597032071961
0.6382137602576632
0.6193002751316264
0.6328680588811842
0.6199097132835247
0.630072066289881
0.624606574444558
0.621395081773622
0.6257613931603084
0.6286657476262378
0.6206540511898331
0.6285319965955022
0.6116351761820453
0.6266930428358025
0.6206852237683425
0.6190452816270411
0.6152383871904805
0.6181997940486272
0.619703919142539
0.6174572842291599
0.6218496951738872
0.61214103612795
0.6175026919375143
0.6131947481583198
0.6185607033714915
0.6121379351501816
0.6183185097178678
0.6155740503138871
0.6247515464370291
0.6109570218296532
0.6133164414369332
0.607338041052072
0.6131966729947409
0.606394778293906
0.6091997363660311
0.6138028333276878
0.6071655569803759
0.6091877233221461
0.6033439799985255
0.6037793430808129
0.6052221842957249
0.6017773399464351
0.6004394737362875
0.5942606146147918
0.6037567864568432
0.5966755900715128
0.6013787725485435
0.6012605311331878
0.5973393620582435
0.6045418362669649
0.5923439497620169
0.5969530186266438
0.5907747090005679
0.5980492081519486
0.584367659267499
0.5934804542858061
0.5943947940000415
0.5863761357626365
0.5990331997144487
0.5850576306534432
0.5867872802134819
0.5830485432008728
0.587857050506609
0.5849454743083708
0.5891809652907739
0.5871763857444737
0.5869651187904978
0.5883644880561933
0.5801016200447024
0.5883962104551751
0.5704274060767498
0.5818885953443744
0.5795246102113436
0.5784995238730626
0.5814847916631949
0.5797073738334242
0.5733476773914912
0.5759837946465611
0.5759998625793478
0.5827221986887838
0.5713256308766479
0.5763616652979039
0.570754919471059
0.5743839950709544
0.5740175873650444
0.57586839214651
0.574128914298936
0.5737437291976729
0.5703088932185925
0.5726003132510643
0.5748559677753533
0.5689717194385538
0.5660776971924492
0.5779296613698095
0.5573890138007949
0.5744345442953144
0.5607425273672606
0.5771307670542166
0.5638886231018791
0.565485710628181
0.5670997651164893
0.5703633833023526
0.5609621746184983
0.5674082006503974
0.5592054257893915
0.5672310112774022
0.5535697070103636
0.5656364831049565
0.5591590042607283
0.5630989713309575
0.5738984746246952
0.5551480125305182
0.5642332665068548
0.5565641943707598
0.5568317452311604
0.5604988321792413
0.5546068193520294
0.562758399517748
0.549136452430891
0.5544880118620517
0.5535738755766813
0.5557179668882023
0.5572850388692622
0.5535548134374069
0.5412746871465175
0.5583663792435247
0.5456168869144296
0.5586729341102006
0.5454090881750109
0.5534742418433296
0.54428903254518
0.5557867919019845
0.5383918114383109
0.5540066345647894
0.5324299112758969
0.5598949972191372
0.52980362292697
0.5522758019168499
0.5311516051544048
0.5568445114778662
0.5492872324691147
0.5443598554022736
0.5466780297644875
0.5390128566825421
0.549379939534897
0.5500306579256449
0.5358367400491393
0.5441473961421662
0.538812757016857
0.5417308280372148
0.5451167334657587
0.531146109765982
0.5428013904657689
0.5340382733799113
0.5363521010187634
0.5326803012370861
0.5405636543182291
0.534215039405989
0.5339423507453357
0.5307480314696271
0.5338855341993434
0.5409603994806418
0.5289086863083095
0.5425893420437176
0.5220674911956287
0.545338888399914
0.5230789328546717
0.5366369331191544
0.5293654384297823
0.5394944933187638
0.5227683609383388
0.5314912792301911
0.5158490337586709
0.5296801598433782
0.5233417276424335
0.533348847239583
0.5184082579112939
0.5330218867788894
0.5165512174097018
0.531342410864365
0.5134229542517856
0.532615796171387
0.5068549472763187
0.5288617612906001
0.5116738117208915
0.5323666543642671
0.51475824376033
0.530471238324582
0.5206425245683604
0.5282692191972105
0.5230633251931406
0.5261388287282622

 var_cos_sim:
4.563127351226537e-05
0.00019439681867733068
0.0002518839484874981
9.854885057229717e-05
9.275815181536233e-05
7.92126982394771e-05
4.566350030291624e-05
3.3351390212777e-05
6.431005807100966e-05
5.969338273242731e-05
0.00017736976795036826
0.0002002270144705612
7.935993159674308e-05
0.00016035844909736445
0.00022669296047093173
0.00016805938601295825
9.703298170714e-05
0.0007339472375216568
0.00018736530438709302
0.0007353030339482412
0.000417937790924115
0.0009220594005245377
0.00034988053372242124
0.0011431009310345773
0.0006050631543194127
0.0002323344628660336
0.0006917712826430394
0.00045456073185016983
0.00014471939551023542
0.00042222856763666984
0.0007587742946011134
0.0011675710674862731
0.0005901564276472661
0.00020594202308454318
0.00017520676528761595
0.0006215519635023669
0.00021129777064223188
0.00015549444689008172
0.0006121260587933141
0.0003982501070913494
0.000945319779926986
0.0002479759462263106
0.00034422350499208797
0.0003356071738497948
0.0002328657484871177
9.5130581143669e-05
3.608509180320691e-05
0.0004043738698622668
0.0006427436706340753
0.0005332156427854286
0.0009435956715495189
0.0004272182786611895
0.0007010319123661935
0.0007876626602736696
0.0002107593116558674
0.00020167096003947499
0.0009266718588581148
0.0001797783364873979
0.00027700830008517196
9.042250902826603e-05
0.001114579559486957
0.00029306407696818947
0.0006279400848367934
9.573554580840278e-05
0.0009398170104923588
0.00016613915463118835
0.00041227700487480494
0.000135036732979969
0.00045030691476520893
0.00017956201184614107
0.0003156815053826208
0.0008413285447788265
0.0006342341549960489
0.00030646308087600694
0.0003999175713965049
0.0002394971954848855
0.0005021986331505654
0.0003830201714363841
0.000875450398605311
0.0006209119242875906
0.0010293751993843108
0.00048684517972455514
0.0013691434829791508
0.00037324388107215115
0.0011393206373628826
0.00018379167301945415
0.0009655887248318701
0.001366688819463256
0.00043029814101938494
0.0006659520920506971
0.000739707161444095
0.0008869450785409449
0.001117574949978465
0.00037781047695966086
0.00044787865282574704
0.0004999359261671845
0.0010941541849284115
0.00032461861375443176
0.0010114119795766486
0.0007623401265000372
0.0003704457404826294
0.0008887235984091434
0.0006410436860890833
0.0005758632876173274
0.0002836014685403856
0.0009603571767118854
0.000611656405548279
0.0005138477206831344
0.0006912309564919016
0.0010455756121599462
0.0006025917482094925
0.0010136567058871481
0.0008710214920990496
0.0009072639824140757
0.000992043877303426
0.0008269899836410861
0.0013771122322465375
0.0011837010240489433
0.001314094582452822
0.00116769856598052
0.0005655895057561888
0.0012818160020669394
0.0008096298830383679
0.0013296478532999472
0.000874370575242948
0.0013398181112132892
0.001113366676849717
0.0016127462596697776
0.0011835320611870105
0.0012197900935047529
0.0012705218804784234
0.0012530010577325918
0.0010041696295238782
0.0008726067803767992
0.0018132490777389794
0.003020451241628692
0.003031656026088236
0.0027441874920442195
0.002523465919595106
0.002312086903529075
0.0020494834055864003
0.002325760957095513
0.0018762790393831272
0.001569910142882954
0.001663500055482517
0.001925611073925174
0.0017467867865225114
0.0019491017310904286
0.001885941422579331
0.0022231761896439476
0.0021146717733524193
0.0023240455712773434
0.0022164493351504062
0.002729442497670124
0.002292250680780751
0.001673468492268444
0.0020506075466411315
0.0020663082557001605
0.002729844715360014
0.0023162507518738264
0.0026636581015515217
0.0025012995159422653
0.003085846830139405
0.002424524903439406
0.0028374528152519305
0.0032571732862032095
0.002374502311588134
0.0029530400683594462
0.0038130385940047043
0.002959674513003728
0.0034554926312482122
0.003437921980114185
0.00276830479940821
0.0033465687455667644
0.002749097828959068
0.004735098572507238
0.00419628144340739
0.0029854821832584013
0.004449981634975976
0.003557238171352909
0.0028909737832149957
0.0034686712356180034
0.0037845034499859767
0.0031419898146559373
0.003764442917226879
0.003036596573894239
0.004319240972191791
0.0027467608162455
0.004180366790390293
0.0033314873015184558
0.004143869767604177
0.003045073487209903
0.004209698680416343
0.0030063528001661654
0.00447592975573835
0.003378912640018013
0.003309118111008264
0.004375019903094779
0.0031508796591551815
0.003406384928716201
0.004214278880459532
0.0026044355475116055
0.0052616726446483835
0.004096956715278406
0.0038806063885660543
0.0034771061504257324
0.004412761393114556
0.004055711940194817
0.0036282629855486086
0.003365281680796812
0.0041090026818023815
0.0033245208247301705
0.003949605539021278
0.004065532012937329
0.004384353503706995
0.0033657464046609096
0.004447457107706604
0.003738872175482336
0.0052047349052688095
0.0047089630206367744
0.0036204497004674817
0.0038546894653862128
0.003697299662275932
0.0035104893125010314
0.005092009412435574
0.0030341631402630814
0.004585823115905959
0.004189592207427146
0.0037275031572413632
0.004020009790601741
0.003098267584543806
0.003708915880433939
0.003142350961836022
0.0035990697492967356
0.0036449023211554683
0.0037209606526542064
0.0032940799495233554
0.0035755384993922316
0.0037517526090320996
0.0033705644853326507
0.004163585974712559
0.003225208614492311
0.004335376190406444
0.002998431861446938
0.004446216098288334
0.002874118746870276
0.004698622196330867
0.0033379748159988315
0.006504749065310776
0.003332224482195703
0.0035419484228883693
0.0033580163559265527
0.003504679921692956
0.0024909698122188057
0.005277984275850406
0.0027819848420729755
0.0038901517523419245
0.003183960640414638
0.0030495070534116275
0.0038777381385695676
0.003490394343733438
0.002482838453689858
0.0050193229096955885
0.002261752680019286
0.0046867779267947
0.002639866485679966
0.0036278578424736897
0.0027403694654178404
0.004328843010676307
0.002551577784742686
0.004976057958004408
0.0025436254999846577
0.004894143111039986
0.002876739914629717
0.00337613101401463
0.004197495847115615
0.002179145838472513
0.005729581563616291
0.002066000774256352
0.0033914551861389626
0.0032327869091996015
0.003519576995111287
0.002458032774597153
0.003123529484985888
0.0038475918381861403
0.0031926032063192703
0.002740591905235037
0.003053918353297712
0.0026477201740278335
0.002974951226028622
0.0024552719266953417
0.0026063824541282263
0.0029351230176939335
0.0024552796246377663
0.0034060993962260894
0.002456342333589979
0.003718416071086311
0.0028873127824146144
0.004223507462000189
0.0032082758465461934

 mean_js_div:
0.022053928797053608
0.04233616313861301
0.05072251090538978
0.04684132632904127
0.04301397854388782
0.03975987153880976
0.03836812349619495
0.038131847113686085
0.03839850760528545
0.039296864691236506
0.042185196546950646
0.04512122824044022
0.049163642452612046
0.05077848141850666
0.05971387880385208
0.062386013512723916
0.06518382062445603
0.06920892980919396
0.07415961537794122
0.07782967400696084
0.07783736805278492
0.08577226090862619
0.08448632907655022
0.09014930258892628
0.09098176051879722
0.09195537639201454
0.09648887375184514
0.0936491315104541
0.09976939369748285
0.09721874219375264
0.09707054249898167
0.09775800573320004
0.10209214256276251
0.10538680839099716
0.10535800724305384
0.1033569109446241
0.10768862428848747
0.10468271299945978
0.1137554672214713
0.11016345999505835
0.1138552647959586
0.11321090214039424
0.11492493118092773
0.1135565586431728
0.11811414479153928
0.11827481524314695
0.11415531821381193
0.11768103251070738
0.1199334684779177
0.11881461172369503
0.12300783153079427
0.1225075842545312
0.12513331644048692
0.12116051969331085
0.12550249399281646
0.12095805519908372
0.12993726062508074
0.12462934821301781
0.12948956169941872
0.12642000829912686
0.13209042263609475
0.12642656781887682
0.1312075102230166
0.12915692160035422
0.13122347826974465
0.13070168667441182
0.13435756778503016
0.132328893406096
0.1349287129179389
0.13461937088255713
0.13342688236836428
0.13630001219138405
0.13565698793650283
0.13603503397440847
0.13765919003226618
0.1384383190965906
0.14023418908168955
0.13910613099308938
0.13863769271552348
0.13984312027279827
0.14113964898651266
0.13978306697864154
0.1442958799086517
0.1430435168588132
0.14289292636314785
0.14098929068278584
0.1444569488637161
0.14183767776824352
0.14628616758058416
0.1436069944504766
0.14873059571775743
0.14556656026158038
0.15125303531220863
0.14623303711810134
0.15131310130554687
0.14897570426879184
0.15217796968219655
0.15091752576479184
0.1503319353929135
0.15240456588858936
0.1515182375937259
0.1514223093744101
0.15308373627165014
0.15379007210598833
0.1535776195485113
0.1526684953760588
0.15444721756187535
0.15293506284164543
0.1567359570275661
0.15093278364861112
0.1587979389550155
0.15315931676698236
0.15911294042743657
0.15598594657457537
0.1580049007150506
0.15931191395434122
0.15690289505063099
0.15683172831967718
0.16046689198957154
0.15651382127773025
0.16200686939744757
0.15773538451618038
0.16104934947642596
0.16092996400007237
0.1619683785889242
0.1621827925397779
0.15973299151435186
0.1619511699919144
0.16097788433049703
0.1641128187998823
0.16262694411444317
0.16496583273402876
0.16290149616289382
0.16489765391940941
0.16348948300946706
0.16243842421440283
0.16267508103880096
0.165067428372114
0.16583289726804157
0.1673626276359903
0.16555383312945499
0.1690252129516048
0.16698745321805336
0.1663127668463905
0.16851450707541443
0.16773157109400705
0.17065303906845403
0.1696133877240033
0.17112947427244724
0.17089384156306045
0.17296953601578718
0.17264979814476955
0.1713538209028658
0.17350316659702777
0.1730789645979338
0.1726841375317964
0.1747139971028009
0.1706545815857594
0.1756798831648844
0.17356558217765689
0.1774275190146188
0.17431220864250027
0.17912279457789443
0.17621355551723303
0.17692423469968482
0.17899396042403332
0.17458713637771392
0.1803706244434056
0.17953959330569166
0.18013775826871678
0.17988398560057392
0.1812587392640698
0.17796995437600546
0.1818273010699704
0.17948096486936788
0.18168571392000882
0.18226071983190578
0.17872881814831748
0.18790384736393714
0.18218893729502372
0.18361237780039477
0.18475838974160066
0.18409128793130702
0.18363582069526238
0.18711553073960713
0.1853121236049669
0.18604097989134355
0.1834060085378802
0.18810166056075822
0.18689434152990406
0.18809240030681562
0.184922278811176
0.18924072068710424
0.1867643383239233
0.18799928618743303
0.18781157531183132
0.18872153789877913
0.18866099278229492
0.1867753122880726
0.19059572707020062
0.1920670472856849
0.18653483326335923
0.1938451799948461
0.1881274714099411
0.1918441692782157
0.188324437429167
0.1917224765095455
0.19143331303056194
0.19027496032920468
0.18957860394833254
0.19305331809346843
0.19080644494995527
0.19310616141391385
0.19269996113734303
0.19395982431260456
0.1932654948056754
0.19333272015636188
0.19376006151817607
0.18862825067358363
0.19821744082740717
0.19175692515431703
0.19704186559908937
0.19387178847543965
0.1966121885995767
0.1957790498382463
0.19561825823961784
0.19751631386875249
0.1999454455933572
0.19711126083844102
0.19910828254609905
0.19565821563538405
0.19920886429162804
0.20098459156573542
0.19660118212231797
0.20026506343641653
0.19654507512484692
0.20152947506613175
0.19791940234018018
0.2004784665595344
0.1989534107563704
0.20193059399576846
0.19984792608294252
0.20456128394777343
0.19737370414971536
0.20593562432176227
0.20066005531335973
0.20544208276374837
0.19851238829101622
0.19888765154841104
0.20239739908787763
0.1993041928091746
0.2061170955049858
0.19748279069162594
0.2022693882196312
0.20317591894554882
0.2019906161246318
0.20334901611098513
0.20295795031137054
0.20178581054542497
0.20718778321521686
0.2012731141545546
0.20719140924178342
0.20274429899276067
0.20720759692340546
0.2006568339725364
0.20727929556791289
0.20341879269015375
0.20858743698318322
0.20409700330525107
0.2058766086711495
0.20457045957790196
0.20462660059735285
0.2086521020630916
0.20169577142352008
0.2073865118299997
0.20515236792454972
0.20742216978141234
0.20321870691129526
0.2096007595540549
0.2068011127731873
0.21258940984957123
0.20671787211539877
0.20998707596372435
0.20500755976848656
0.21189281211899175
0.20574402350446164
0.21132834668668216
0.20680939074162233
0.21235266493960592
0.20600623986512373
0.21452894709942077
0.208421571855078
0.21232177150522885
0.20891560152734184
0.2105205621742657
0.20927881068042353
0.20835520245099906
0.21081699819184588
0.20723790421508653
0.21109248532002836

 var_js_div:
9.835355442921198e-06
5.435124577330614e-05
9.158403586172831e-05
4.18190966594987e-05
4.4048101207727924e-05
4.1650825420210646e-05
2.1505174258011583e-05
1.1107688013325249e-05
7.802172008321306e-06
1.226426807186703e-05
5.070214326057826e-05
2.7684631251986394e-05
3.897918083003199e-05
5.460061095580397e-05
3.5746653388975255e-05
4.780599444630388e-05
3.346687280082982e-05
6.662574805698544e-05
2.9755391434831653e-05
4.486446289860156e-05
4.6141964166161757e-05
7.065743328019622e-05
7.234115601326993e-05
0.00010029716009123162
4.749795506411738e-05
5.554921892508642e-05
3.361674890403061e-05
9.635094206962245e-05
7.754932648025732e-05
7.976075993430023e-05
9.231195257808589e-05
0.00017228278308476863
4.4580667802783514e-05
4.2017651762952766e-05
6.217801726199824e-05
8.20565980508123e-05
3.101565692926452e-05
3.6986311988981926e-05
8.397350225136737e-05
2.6385532702805037e-05
3.849906120924814e-05
1.2491208377035952e-05
3.7476587531276274e-05
6.330274866106543e-05
2.5712428921292103e-05
1.3464593811242123e-05
4.198752294642916e-05
1.9308702531874206e-05
8.241192907777089e-05
4.002060399382895e-05
3.879124604609871e-05
2.6630406866568696e-05
3.209293648803567e-05
8.257931933936442e-05
3.8425029549366886e-05
5.39524132902246e-05
8.790455133607341e-05
8.31617794065789e-05
2.0796730909294645e-05
3.796901365694535e-05
0.00013690975712890054
0.00010005556309685525
6.340951316956748e-05
3.342411117952712e-05
0.00012347675246494522
4.990275522742289e-05
3.3778569768875785e-05
8.278899377623285e-05
0.00010548412061173811
5.150913292877589e-05
0.00010856498054141307
0.00012525039977652675
0.00011456970112026614
6.341690073952514e-05
0.00011361129588632497
6.68098578170808e-05
0.00011482038662630262
6.11212948109862e-05
0.00021532106187849927
0.0001157489736827719
0.00019531521846073818
0.00010190189238724952
0.0002698010954666505
0.00012287203493445043
0.00023995632900610124
8.848054697648562e-05
0.0002314613884871167
0.0002048172629995901
0.00015459587944397591
0.0001575728575077064
0.00022226676476705073
0.00022619011067303134
0.00026259313647231396
0.00014052998362013214
0.00019610518946869415
0.00014822081957372918
0.0002867437541075821
0.0001302219860079635
0.0002877386978300531
0.0003046735035099434
0.00014138458846210062
0.0002676340122098199
0.000200306486316146
0.0001830014457858591
0.00014520105898095146
0.0002950108433734773
0.00021939173233025266
0.00022251150689266258
0.00023770546134033887
0.00025209103033480137
0.00023635220835251482
0.0003433756113915983
0.000308745517537569
0.0002794775131991181
0.0003213357646284427
0.0002838213677171271
0.0004306355919422656
0.0003671765008741244
0.0004000884095432657
0.000391043171067422
0.00029025687027001954
0.00036294745052210835
0.00035568736337771945
0.00042915472961661
0.00029918989042640947
0.00038418499682062385
0.00036880321570969795
0.00048730581188419274
0.0004124514155402784
0.00045904659629729757
0.0004126141945058394
0.0004338688101693097
0.0003309110126126141
0.00036712119995728937
0.0004465919459179231
0.0007172714750826983
0.0007171922938758383
0.0006533923856237374
0.0008328531184073993
0.0006142274113938235
0.0006173155658169731
0.0006769923753900738
0.0006415218482985626
0.0005626946668426995
0.0005690849572755679
0.0006430070176049937
0.0005409746658347488
0.0006739902032867125
0.0006731583045918661
0.0007064176699850818
0.000755028961863235
0.0005829773334302472
0.0007885659626469953
0.0008648432429869817
0.000715963050778531
0.0006312122844246605
0.0007111144558330841
0.0006087539913575376
0.0008850787472186935
0.0006609346101814498
0.0007869209490998283
0.0007799443833462662
0.0009820433147962554
0.0008254291717223167
0.0008969043299889082
0.001062991431041729
0.000735693051641765
0.0009101155330959539
0.0012267282424071194
0.0007034524885194025
0.0010680728358022217
0.0010582130343448903
0.0008283956286103826
0.0011055287196511672
0.0008350567396865628
0.0014458346225416528
0.0012859861313051495
0.000835784874494898
0.001298663155396031
0.0010568145863792042
0.0007945467780388915
0.001117559706311242
0.0012349127821438526
0.0009280255006977512
0.0011073113605446904
0.0009553197575026382
0.0011846175256087104
0.000987550994656535
0.0011823072896572594
0.0011040402031400928
0.0011650975165976025
0.0008234765319195086
0.0012002979003377036
0.0009066398845992808
0.0013371646677957604
0.0009701806078442371
0.0010044426506432321
0.001219813319033498
0.00087964721651118
0.0009960426562621702
0.0013412128850435862
0.0007132286702831689
0.0014776589583057403
0.0010990893526577423
0.0010254657185344333
0.0010203588778008744
0.0011718940686565454
0.0010360192418114663
0.001034882109601022
0.0008897838492810458
0.0010849746311293563
0.0009509545970707787
0.001027582748175291
0.0011698512977642327
0.001072367229467658
0.0009299412717083253
0.0012363886530902246
0.0009253987061929876
0.001273010854247444
0.0011755936870918467
0.0009850161094231344
0.0010240020133120697
0.0010492629807271113
0.0009007475680617009
0.0014715153106598007
0.0007147545914679716
0.0013738505069858526
0.001106627164051971
0.0010764429457760622
0.0010469343867636853
0.000936394200907012
0.000997356222371437
0.000787108522957529
0.0010093854790919168
0.0008391275888930587
0.0009874414998569973
0.0007915844572913677
0.000900879085110869
0.000849077110430534
0.000952607873075223
0.000912912192204683
0.000954389637493562
0.0009833334282208647
0.0009462749011074185
0.0009478871602009961
0.0009079588443430408
0.001046846630964163
0.0009201898776070921
0.0010911625108378066
0.001071115883333051
0.0008428589898754421
0.000909976165835917
0.000874954286242938
0.0006599384392609541
0.0013869558034232449
0.0006164270265460667
0.0010322701320311825
0.0007822926664209824
0.0008181448301040774
0.0011328846018803158
0.000823115839892241
0.0006896381084166818
0.0012094370776762424
0.0005902183730553955
0.0010281079419856907
0.0007007809605621227
0.000798049462110122
0.0007709433286455313
0.0009564711688229746
0.0008526589681344571
0.0010789383717955908
0.0007879821468427277
0.0010277319470641027
0.0007719851425712989
0.0006157223373611372
0.0011595597974899102
0.00048145231637079425
0.0013635271266261115
0.000577338077805493
0.0008458156152959008
0.000711691423104408
0.0009268175833313121
0.0005226776150511138
0.0008692034826050222
0.0008165013685522613
0.000799661268522179
0.0005521639282233884
0.0007662995122762481
0.0006026444325688311
0.0006680830539957185
0.0006820753846347745
0.0007268834974248362
0.0006343025247345284
0.0006824665649163888
0.0007503848714899576
0.0006727476073558924
0.0008073735014867817
0.0009196067074121985
0.0008382932923632861
0.0009418227337773489
