mean_acc:
0.2548477108812235
0.2654988861041137
0.2789121242697562
0.32237342072471764
0.33281104059541794
0.3889018831639694
0.3923655365479348
0.41833319024391963
0.4231805125164062
0.4387814886939493
0.4411035535884058
0.437841526476768
0.48699838783727395
0.49984561155951546
0.5101210743639184
0.5153588569713705
0.506765907951486
0.5376685194498734
0.5380149326653315
0.5525262489577611
0.5472158309617853
0.5801403429151194
0.5645030617690419
0.569702868172826
0.570938422631502
0.583828067543258
0.5882188373057652
0.5738647558739125
0.5988899388516898
0.6086548937182935
0.6144433672894636
0.6134989516353053
0.6292918565291645
0.6180639196554882
0.6182829931169843
0.6348600197498385
0.6382841475565637
0.6395274616430109
0.6585792959464498
0.6468391150392826
0.6419463790081373
0.6542526805866279
0.6630005166263404
0.6685411816009763
0.6744906483487914
0.6749060245237282
0.6790081430428639
0.6813600161927809
0.686642440919707
0.686791119955567
0.6848796151986247
0.6912941516538109
0.6859522719544551
0.697497910214431
0.6987111222984141
0.6969603414243661
0.7025576403691681
0.711298497225094
0.702590773301756
0.7137214989406222
0.7146667650277296
0.7171151280537965
0.716910632915046
0.7117733524571556
0.7087540415465807
0.7290228305031836
0.7143010170164201
0.7312398204421208
0.7374409584721905
0.7329508966689773
0.733905544459841
0.7339140398621741
0.738264163399198
0.7265431128918713
0.7393055126624591
0.7356807635197314
0.7459885546839727
0.7391957004834285
0.7497114924940553
0.7424798861959545
0.7488033569628455
0.751633632658022
0.7498677987859301
0.7492015462728392
0.7476399812537707
0.7542024299779884
0.7538718483267358
0.7545924681526357
0.7512051406657223
0.7633000203292589
0.7508086285331912
0.7623019467349694
0.7554049368584829
0.7600076173682793
0.7612531315841264
0.7636433799102129
0.7579184354530577
0.7687951813698767
0.7675459141602009
0.7678505914906443
0.7709211158317052
0.7708404097004864
0.7709499535444164
0.771078553223061
0.7709443217413726
0.774480264483856
0.7728278608239996
0.7754071765529715
0.7728676207779085
0.7732455242711668
0.7717898927344713
0.772667907367367
0.7764892549416867
0.7765819585048493
0.7765831140873581
0.7770756459880884
0.7782612836703164
0.7765177042452718
0.7757989304644873
0.7806480033679637
0.7761807207169771
0.7823892714325278
0.7797227495960887
0.7769916194143062
0.7829604361563192
0.7836705210072179
0.7789108714959558
0.7845650158428644
0.7827822973509215
0.7846425221934161
0.7830766328429902
0.782123592847975
0.7871997578988409
0.7864659800420719
0.7839532160522429
0.7828252613215432
0.7841500388692966
0.7855647043711449
0.7848356093630077
0.7811420725145933
0.7836778660404031
0.7881449169938759
0.783835487333033
0.7870930325631132
0.7865591464123914
0.7840435928303778
0.7846547035251528
0.7884434006361158
0.7883502602826795
0.7921131862571797
0.7881234530349046
0.7888965563665729
0.7894673176476167
0.7913944028315256
0.7915665836882972
0.7873045608681221
0.7902311599359434
0.7855925170020946
0.7874960119092741
0.7928451764857766
0.7908964395950213
0.7891951652976805
0.7918287779820131
0.7898610602394821
0.7924012746619998
0.790268521019539
0.7911834564602329
0.7909809312901869
0.7895663621597074
0.787999865052664
0.7922372100538599
0.7875193219133608
0.793430160006655
0.7912384463878899
0.7957591774816255
0.7899779469978339
0.7933015514620305
0.7925145294763827
0.7938948821755696
0.793878661415053
0.7939038151500285
0.7958765758192079
0.7944205321692481
0.7933671347801503
0.7967843233307363
0.7958283420483404
0.795567118098948
0.7962342383943173
0.7970381295782315
0.7930951896432189
0.7961116743509086
0.7958921325249272
0.7968920236392406
0.7952852962450253
0.7933857079516522
0.7956191355089803
0.7956608951250195
0.7974219956485686
0.7985778667137116
0.7953256203953576
0.7978815480412256
0.796485487526031
0.7980973567279529
0.7952853930073203
0.7972349741746415
0.7937372103830288
0.7984156682022061
0.797913122531984
0.7988984315224282
0.7974103524978537
0.7995672174471624
0.7977180684628806
0.8012682359548879
0.7962059122608366
0.7997676213173481
0.798153264185796
0.7980092330888183
0.7978644812763054
0.8014145714711478
0.7965816437603417
0.7998955814257044
0.797855830303808
0.8019211324765674
0.8016179939273606
0.8031723731375084
0.79833759957705
0.8011936495018052
0.7992104427058505
0.8014678460498998
0.7965455645239569
0.8010535065293383
0.8013154444485309
0.8031899767450575
0.8011217462337428
0.8009242867440538
0.8023831943842289
0.7995893234861117
0.8010872543537235
0.8027608952929356
0.8014389572523699
0.8025071418595779
0.8000042807990866
0.8022647779060834
0.8020757054882628
0.8029025759022286
0.7991989036495547
0.8038600412269419
0.7994024296137975
0.8041981560486994
0.8006922066014356
0.8006036702641293
0.8016581152961969
0.8026128685213537
0.8031011576268998
0.8026915522337706
0.801709189354623
0.8058181164582038
0.8002012755568371
0.8032537670261813
0.8008699624050498
0.8036704618568624
0.8029119360220914
0.8047081965225209
0.8047703994487602
0.8049142030857508
0.8044755546916875
0.8052853546612277
0.8034268918209483
0.8065275085337505
0.8058790138345756
0.8037022148400709
0.8040790976860391
0.8062365509253542
0.8055807884901591
0.804878174349277
0.8047425602160192
0.8054640827324656
0.8061548488238548
0.8070451982115202
0.8062615236596716
0.8071785875368871
0.8058510710923231
0.8088060959550546
0.8071447838052483
0.8084651626250949
0.804853508686338
0.8087827838322044
0.8062941500294455
0.8071727485208389
0.8040596002371349
0.8094454261792015
0.8054615514395858
0.8105456746875971
0.8061466612434222
0.807411975152673
0.8065058635741209
0.8062506214699929
0.8068142189154542
0.8065533253476895
0.8062268532872021

 var_acc:
0.0020490100507692586
0.003420927350614256
0.0021224134169390185
0.002193517761510996
0.003593597979767083
0.0026303390805825153
0.002674319804012723
0.0033004093018537324
0.0029911649952856917
0.0026925507023173333
0.002914940247342335
0.0026199340982887773
0.0015493248118839621
0.0002011346977898296
0.00050700398558045
0.0020794041044985977
0.0035505418529190183
0.0004415461825066231
0.0011509746989425411
0.0007220762879411061
0.0007552958659591084
0.00021251277042432854
0.0001450404788836754
0.0007438598285006209
0.0003312600554473351
0.00015966883280760778
0.00020397485946299762
0.00043321769583956756
0.0004689417083530054
0.0004444076044570717
0.00021331892019098422
0.0006164831857876277
0.00034432798097407087
0.0009143878468363055
0.00028074747501588375
0.00035273442616567485
0.0007366744119523289
0.0001927351177900121
0.0006834279642115513
0.0009792004939644845
0.001235207268379109
0.0007401055300686457
0.00085521837309254
0.0002914537300071502
0.001524965476428206
0.00022289292472882076
0.0018316895008257757
0.00015732274249166778
0.001063714929344041
0.000814631020282842
0.0014834914342845135
0.0006714721935318235
0.0020907268917024183
0.0007650287539218365
0.0012158688686582909
0.0007064669994264073
0.0009598701838418757
0.00046826804259544137
0.0005247599039727425
0.0002944016798096023
0.0006716096227567168
0.0003094183866634694
0.0004740228541572223
0.0006715371364153944
0.0016334215206388648
0.0003549117761076686
0.00037992982663881853
0.0002478378758803649
0.0002973556071406784
0.00013778331306316748
0.00040307145534358024
0.0004032168213958303
0.00018995183847588938
0.0005701741068052417
0.00032912490638377395
0.0003429739498889952
0.00012723394361214253
0.00024575786599349185
0.0001885459710345865
4.6147912908266957e-05
0.00019160374271702649
6.121263402732517e-05
0.00014081767174006218
0.00023194775271209435
4.391484309200486e-05
0.00023228512120916056
0.00016872442855068816
2.309061838407796e-05
0.00034256913509668496
0.00015340302060995426
0.00033451639599625985
6.191729098217429e-05
0.00015891498899243728
0.00026100003200920106
5.633526006275694e-05
0.00011051778080682978
0.00014804814444644882
8.055944306716205e-05
0.00015961679806769752
7.936531306140789e-05
0.0001279042285225288
6.891410530493999e-05
0.0001356124017258592
0.00012322566976169706
7.912693857049937e-05
0.00014198481097002765
0.0002451276663716756
6.782388539303519e-05
1.843513343047086e-05
0.00016369584643996963
7.472712487371889e-05
0.0001548441791517628
9.257916873560684e-05
8.745438473285384e-05
0.00014018627274667915
0.00010937191669378351
0.00016371741185222172
6.612617043068874e-05
0.0002429983937481332
0.00011695741787055757
0.00019743637775029152
0.00011434226573105702
0.0001308181775762927
0.00014123464469641099
6.440334838544674e-05
0.000100008494548576
4.66087983710383e-05
9.353084574465017e-05
0.00012440420907914793
0.00010898929802766819
7.26693710503247e-05
6.014064773330148e-05
9.461863587850571e-05
8.6393953071098e-05
0.00010821573011034259
0.00013544310313068242
0.0001442005322857637
0.00015781941217176285
6.350678104310829e-05
0.00010209006310593714
5.607190970161856e-05
8.332047721994169e-05
5.969465493484391e-05
8.127713862720841e-05
0.00010178113553385865
0.00015147263947582165
0.000122818871192002
0.00015676657119801166
9.694847616678445e-05
4.667643339442027e-05
0.00012702509945194184
0.0001066354236250293
9.482001041994662e-05
0.00015416335497863586
7.741137301004021e-05
0.0001587455964521627
0.00013180697814042246
9.81798590745727e-05
0.00010908066673814754
9.459849533374854e-05
9.406447329129906e-05
6.22893829990095e-05
6.998577986372967e-05
9.106227211574949e-05
7.159010373125342e-05
0.00011904126698863881
0.00010559810632911439
5.322264758241978e-05
0.00015111021103830023
0.0001515943463469013
0.00018646737963003512
8.872231151146534e-05
0.0001163883654562181
0.00010055383500645948
6.810680888069188e-05
0.00011484317723583323
0.00013639787713783363
5.804982883346085e-05
7.785592389970829e-05
6.338950937817912e-05
9.310028125433632e-05
6.33145452110601e-05
8.294188348014416e-05
4.8602281132791234e-05
7.591691743507573e-05
5.158509126667666e-05
6.834509709294562e-05
8.585261475792579e-05
5.802482604414309e-05
4.862960678122727e-05
7.678804953328376e-05
6.551667688855954e-05
6.352653141972187e-05
0.00010090996706795231
9.199543062798957e-05
5.8496247358339e-05
4.533302167004213e-05
6.320317588787104e-05
0.00010507801965980845
5.3422423603946074e-05
9.987232485453393e-05
9.890892428566005e-05
8.133125000987048e-05
0.0001268589894649973
4.5042068693705116e-05
0.00012496650842244177
4.0717213490882074e-05
0.00010947724941444233
7.398800053998347e-05
9.289006367110805e-05
5.49871902908157e-05
6.026355839773046e-05
7.209596839778136e-05
8.464180952182967e-05
0.00014593476956995262
0.00011570590767073636
0.00011696336666747744
0.00010078109157786508
9.291457869587481e-05
9.090615833622866e-05
7.148910581227274e-05
7.75509436350436e-05
9.306568757841244e-05
6.471845924402311e-05
9.953148386297365e-05
7.856164331690216e-05
0.0001521329113928625
8.546092114737243e-05
0.00011780077340442464
9.042594489133248e-05
0.00010528692300264723
9.06280304642918e-05
0.00011251574824508432
0.00010630639912836277
0.00010843616021412811
8.779675737949221e-05
8.001632152649491e-05
0.00010134321490212612
0.0001352058918530534
7.529140006816024e-05
0.00014735587999809734
7.443200615476579e-05
0.00013733733025595829
7.014054793763505e-05
0.00013307571968054863
8.435277955608754e-05
0.00012759570357718104
0.0001453233331253889
0.00016007250075240296
0.0001612067933679228
0.00030713858548276344
9.005326133290952e-05
8.28717630634585e-05
8.603160409339826e-05
0.00015649649873275288
5.8814336229841064e-05
0.0001305321551052131
0.00015992750269663454
0.00015789569833994755
0.00010680710714984769
0.00017921162896191643
0.00014535802291145797
0.0001549392669618162
8.104654083788931e-05
0.00016862528670879895
0.00012428712044873714
0.00018902810128581192
7.561460998386829e-05
0.0001639207615382785
8.531134393607122e-05
0.0001757516429920163
9.543521378763423e-05
0.00018967440023806873
0.00010783224640166556
0.00018274452410533572
8.898885707124916e-05
0.00016825367110455774
0.00010300540976068927
0.00015137998120501458
9.256137556072683e-05
0.0001354435508831199
0.00010869440473976557
0.00010891830705237367
0.0001062822215113531
0.0001158709897435611
0.00010454270433605476
0.00012317692853661103
0.00011126151288504566
0.0001495253824794019
0.0001405102937613296
0.0001715872001686725
9.43882893566005e-05
0.000149923460826006
0.00012075526876081657
0.00015084977361643742
0.00011828378121991441
0.00021979658793834105
8.925734779555718e-05
0.0002107871419346358
9.020718224941025e-05

 mean_cos_sim:
0.9723849975563578
0.9294333588787824
0.9326435717978467
0.9415041921549433
0.9461736121051262
0.9494803545787784
0.9502685525344617
0.9490497725443502
0.9454445423427856
0.942390547941141
0.9378178601322397
0.9293357047677203
0.9230394020266864
0.9146657555406188
0.8998604329333345
0.8908649350406506
0.8824339232205676
0.8690429338895175
0.860108267827712
0.8444847358527448
0.8499763231823086
0.8210354918468079
0.8346112565614989
0.8211155550074768
0.8223948385303512
0.8041489540958026
0.8021158351351293
0.8039389956802004
0.7952932492001403
0.7784415626240375
0.7878898735925186
0.7818495891708918
0.7702939055237813
0.777425009010579
0.7546560723371127
0.7619248742353812
0.7607900262290969
0.7579737904375751
0.756062638263747
0.7515959381864953
0.7393175942099712
0.7360158795036712
0.743745238241197
0.7469018737308254
0.7411447683131624
0.7340111272519486
0.734964256876571
0.717984060819594
0.7314469123910221
0.7218669948673181
0.7143297184763744
0.7131029718190309
0.7212649003131905
0.7181262919043296
0.717125292641802
0.701159649700514
0.7102639520875123
0.6973969121578633
0.7061023694938465
0.7014251295904309
0.7020756735541965
0.6888658751910164
0.6926944650740079
0.69111216118462
0.695445725924323
0.673696378253547
0.681391077049175
0.673466526229022
0.6886336025438344
0.6889045576486599
0.683510381111332
0.6769524428173368
0.6763034773401154
0.684468682906538
0.6620003894017057
0.6741688004065363
0.6599488208981388
0.6728353859006674
0.6597242017750073
0.6632442774330731
0.6526351671924108
0.6612817718632285
0.6514184383122386
0.6560474992842187
0.6568507679820469
0.6548170191610041
0.6493157215016667
0.6493696275032179
0.6499556791851742
0.6363514172210566
0.6583976577212454
0.64608642286977
0.6551078857270488
0.6485342644009469
0.6502030027979495
0.6345357253550656
0.6462489182782288
0.6310562490477896
0.6492167733926667
0.6390098039055268
0.6460740411938518
0.6374487476057697
0.6415389967956576
0.6370749668949006
0.6447384283996433
0.6356609376046477
0.6416603373921035
0.6225550675102973
0.6327693067326473
0.6273113263842307
0.6343142265774865
0.6395024934640817
0.6229536940603412
0.6327853057440749
0.6214319447876397
0.6317043243756677
0.6275426417850267
0.632147977306382
0.6240523820363109
0.6238932739832235
0.6333740648893643
0.6329699856859701
0.622412197543942
0.6237219847277347
0.6226766488713689
0.6210888153464336
0.6257582932000615
0.6198174996407817
0.6208276418296925
0.6178487931081192
0.619922691321986
0.617797731085225
0.6186883147934104
0.6160650691880207
0.6173809256092564
0.6159597911708816
0.6117064988188012
0.61670617850846
0.6092676717355465
0.6118471290861379
0.6175516506143462
0.6091046546760548
0.6110188449693
0.6094242359716201
0.6047575662977145
0.6121898663236771
0.6063972172137527
0.6104098220836056
0.6022824930167212
0.605921133878889
0.6011207846751754
0.6070291016898901
0.5952383714822744
0.60692489257766
0.6004427788073396
0.6007708966568417
0.604699409806429
0.5984243481769018
0.6032487490131755
0.598822437100846
0.5978409674720705
0.5957634798574821
0.5999154956943669
0.5907600704850223
0.5970014630534799
0.6020922302813384
0.5976922101547425
0.5869276381935794
0.5857616792868837
0.6007711429679207
0.5976566507504485
0.5992903138940544
0.5998299893621843
0.5927953124609693
0.5915357848955812
0.5958603293876414
0.5881275336277628
0.5911105156883696
0.5868671798477016
0.586292280135284
0.5804866610061861
0.5820510190492779
0.5799342030843402
0.5827181367123371
0.5784162902217671
0.585633640063145
0.5826599326237355
0.5754356210186239
0.5801668327631141
0.5912187463112246
0.5738472152627074
0.5885353275664593
0.5699165469633851
0.5764139589817372
0.5769693190918816
0.5721665436871893
0.577717090822348
0.5733793295037204
0.5750259284144273
0.5771040033218607
0.5718452868351726
0.5755959772507008
0.5799810261865532
0.5636124647776751
0.5846912805197801
0.5582786372076077
0.5855386019811665
0.5556391059467856
0.5818549877882484
0.5660252730981046
0.5706980307826754
0.5575880134834205
0.5729661549976315
0.5672953980959807
0.5703037538367368
0.5653113001673636
0.5695440677761577
0.5650555788520069
0.571412315622399
0.5558947750361025
0.562891007685832
0.5571491847933909
0.5612530009565618
0.5629825513120819
0.5568307904075709
0.5648723811648658
0.5518704371348814
0.5661377819849841
0.5576152794799069
0.5613658070715365
0.5610376926200928
0.5498901562764944
0.5593798084633007
0.5560597357044669
0.5540379704150932
0.5572567725461053
0.5644153831382416
0.5490598131771608
0.5540251005161905
0.5651013496554353
0.5529600868954915
0.5545774213182464
0.552440133222921
0.5440328959176673
0.5576132778320381
0.5463747401581375
0.5552914524710351
0.5455782619231184
0.5572906215976889
0.5623259110225797
0.5563799520435821
0.5489163158169437
0.5638517807025989
0.5394851484291542
0.555150608428793
0.5429412301225381
0.5511859665836378
0.5402672285516257
0.5476125388692332
0.5437613137976707
0.5426545545269954
0.5390804804836125
0.5496862629665089
0.5375094180422838
0.5423248101325531
0.5368172959034956
0.5391381534329914
0.5367195260940252
0.5413995054227208
0.5338116270055383
0.5402038421777855
0.5453124206866556
0.5287525567682329
0.5381173371404785
0.5344070121070384
0.5401220489374449
0.5292770219030906
0.5370037080661617
0.5288581130483585
0.5274101964788375
0.537425305511449
0.5253747783817091
0.538261915811822
0.524876827510419
0.5345524125676657
0.5334981765528198
0.5305876626767999
0.5298494339579901
0.5255675582553052
0.5425567485557604
0.5215717883407096
0.5329988913486091
0.5185961441752024
0.5225428208276817
0.5263798838990972
0.5193092803741235
0.5183242518362194
0.5294423340429767
0.5215015342275844
0.530088207111421

 var_cos_sim:
4.557286884474985e-05
0.00019408730528879092
0.00025357330666038236
9.794321339789252e-05
9.268387357305323e-05
7.963096096277793e-05
4.521841423564686e-05
3.364148888069394e-05
5.9797634873185846e-05
5.3255081734255104e-05
0.00013263886354799743
0.00016635375855973399
6.511217122361997e-05
0.00014045263551408136
0.00025364309051565954
0.00014980726497274902
0.00010186091291517591
0.0012280554868894797
0.0002102824942790075
0.000704050128099683
0.0004485651594598133
0.0007708765310486178
0.0005049083901964985
0.0005356817875986397
0.0006841877400920106
0.00010514653884971054
0.0008457173988591421
0.0003136862335732555
0.0006271552026607644
0.00037176552329839125
0.0010370628396898082
0.00030128516966675323
0.0009150847510581397
0.0002629265188795565
0.00034491663004401936
0.0009546468220223875
0.0006809595004314145
0.0007684657881478576
2.7518450369928396e-05
0.0002017083722862605
0.0012256136309207466
0.00025037311752062303
0.00036877530716913535
0.00019649835370507334
0.00012809736079367863
0.00037640740340903284
0.00015283471772452396
0.0002736380940953026
0.0003455377689828254
0.0005270961839220947
0.0005819464501468333
0.0006099047273059608
0.00020667407467306613
0.000725346453541209
0.00021775896604939046
0.001183967904841773
0.0004214970692940852
0.0006977681423330523
0.0005801529021561731
0.0007913757265100042
0.0002554868494026829
0.0007793743481713753
0.00017579328083593474
0.0006328142424958681
0.0003647246912897339
0.0010391633780109306
0.0003920738016747314
0.0006316645888548413
0.0003194904566324339
0.0002729537455211645
0.0003449139708256474
0.0007348067639605093
0.0007591422016625978
0.0006445120196408573
0.0008959802681302172
0.0005722357796092136
0.0007202683072010526
0.00034266165876419447
0.0010574757423064804
0.00024827514018899827
0.0005161720126828881
0.0005931175981028555
0.00041034980487835083
0.0002300864158770378
0.0004140619264507064
0.0004981902630680564
0.0007731359503137132
0.00036670810053153046
0.00033948409688983495
0.0006168944331745589
0.0004287585504191674
0.0002937172844441957
0.0008795556900277038
0.00024271832012871496
0.0009514716931669201
0.000344401290714343
0.00044569560738652375
0.0013973556854149176
0.0004893280563554137
0.0008104716502051484
0.0006683250643659993
0.0008466434178067971
0.0007360418434565172
0.0010763256286152728
0.001392156257009222
0.000894098714946137
0.0009181295936461851
0.0007877110344563378
0.0010914301218193808
0.0008953531630503012
0.0009237801830135016
0.0007389377187986589
0.0014230269932145414
0.0008950616383884021
0.0010557435246652308
0.0007844577207671685
0.0008113977895655514
0.0013433096538138084
0.0005942550638524809
0.0015930850575003271
0.0017286505681224423
0.002942667757754928
0.0012723818387874847
0.001621071248997452
0.0006564142701474102
0.001358424326884098
0.0012334635460983507
0.000740762509869622
0.001166529149488415
0.001529555115327087
0.0009062391551028943
0.0014787490346067547
0.0013370927525535837
0.0017120433268246098
0.0008240277231792738
0.0014749441010512745
0.0009370830721878023
0.0018080348408310847
0.0015549859168408123
0.001819736980399912
0.0015317372891180572
0.002242813411243847
0.0014895951933862053
0.0016876296697906888
0.0017591608298390675
0.0016546231031971139
0.0013689971090790395
0.0019123885691464948
0.0017906426912273638
0.00175046394910683
0.001967476906993257
0.0017588240291896754
0.001990368862314465
0.0018561017762115217
0.001938796992890304
0.002038463082890667
0.0022773488031534814
0.0022490250957520616
0.0017768822474745593
0.0023180065461431802
0.0021325534677464424
0.0021235593298538826
0.0020835052684323257
0.002968710165290787
0.002827554298498055
0.002295882775956712
0.0019695620977960497
0.0031350176184888633
0.0030453226802951575
0.0022274623470112764
0.005545303624887216
0.005384093057024345
0.005775099443804189
0.004888152136885854
0.004447351353837772
0.002402594008947836
0.00425029491138338
0.0024106520108610387
0.003289176756096229
0.0030323044712411164
0.003719620078875553
0.0034266486851818228
0.0031264871411941213
0.0042558105978014234
0.0035045561435255008
0.0029824025113600293
0.003128861560600095
0.003672595313836286
0.003264871235091849
0.002867585877117979
0.00390927146239433
0.0027988694374128445
0.004201315923164914
0.0033615863429561944
0.0035688968806916843
0.0036891890236040873
0.0035431642750138373
0.003411640286631012
0.004558720188181376
0.002685321890699987
0.004068230201939616
0.0034937940191287088
0.003124617323334153
0.004588599802528571
0.0030676375424023377
0.003946498734307921
0.002773111339327159
0.004872901637052011
0.0034978259429708164
0.003330889749036609
0.0049892857914792844
0.0034480900797032874
0.0042629926523790095
0.0038382741371478764
0.003868400113983789
0.0046327556667126275
0.003812668258173393
0.0038216081131761457
0.004390893022828633
0.004558747643595397
0.004569014550504035
0.0036359719210061086
0.0044715238542355025
0.003950588681536916
0.0041012587359515575
0.0039193961002498305
0.004945386128820519
0.0035295305604898294
0.003840089920734767
0.0037380869428959964
0.0038620298178383586
0.004740791590011935
0.003899037976064874
0.0037883050713048666
0.0044514848081078934
0.004734011078755333
0.003393575688379217
0.004495769679903626
0.004529446018503989
0.002538300123450372
0.005111466136242709
0.004075609190144437
0.0039805925290794224
0.004786627315237531
0.0036356622896080264
0.004631446574323867
0.004817873711009359
0.004942711336108217
0.004633412206115918
0.0061931130729184726
0.007163112329673125
0.005330244327153274
0.004647871925804703
0.0052699585155652
0.004665308237961671
0.005021781427968527
0.005484302603957708
0.004473058146132547
0.006120061594521838
0.004395342125011093
0.005890261002687097
0.004624985264824559
0.004637243066204689
0.004291998060398135
0.005275757308131233
0.004379243687225084
0.005166912229168038
0.004100236850435589
0.0062459385965596545
0.004568038174506925
0.006082500552452133
0.0036929808185884806
0.005892242529331887
0.004213148008206518
0.005550106974143014
0.0038449468089786403
0.006118557689695114
0.0046988081403794785
0.0043739229636020885
0.005670630126949664
0.003981506296647205
0.006259140128974629
0.0034525186666981857
0.007017092036460245
0.0036068295292205586
0.0053156041146653074
0.003985763646522222
0.0057158961466139985
0.00535411169395011
0.004030902099731034
0.005873780853531854
0.005127415759148494
0.005722645163575126
0.004688317270090565
0.0043673648767149475
0.004858417096296157
0.005590459080362141
0.0049003799341427665
0.005440411315094539
0.005526396999701266

 mean_js_div:
0.022044459659052128
0.04229927422036441
0.05070826797187239
0.046830732892156925
0.042990265025612706
0.039730692426100486
0.03835153111275194
0.03810334689484862
0.03827873114953388
0.03918174082915934
0.041666936665013234
0.04488349224379033
0.04842258287584946
0.05204070981301402
0.05935926835663343
0.06161206046909745
0.06642309944018958
0.071418363236645
0.07442215824693224
0.07741863195484466
0.07836880759558626
0.08557328657132823
0.08307853099503146
0.0880171273382148
0.08636409319131075
0.09243132708374013
0.09302830986459228
0.09286780037675157
0.09559900573884388
0.10143849628491564
0.09868866284854366
0.10020277603982042
0.10237712678097674
0.10226650156416148
0.1076095929009278
0.10594105062825239
0.1065840692107148
0.10744070721694048
0.10817329231074176
0.10913904559016945
0.1124590732302246
0.11403985542007096
0.11161240203078024
0.11166873885998929
0.114040578878612
0.11512204639507481
0.11476959898022354
0.11989530187970535
0.11666447151869844
0.11986625591739256
0.1217322706388061
0.12159166101792389
0.1204025332708553
0.12313921973340855
0.12261601007383846
0.12714165588826595
0.12378782533671015
0.127534877707449
0.12692800016235933
0.12766662299602563
0.1278784772367106
0.13038802897964655
0.13141858756824215
0.13049995504951473
0.1294872198121182
0.1346125895784088
0.1335183466121627
0.13498031027475496
0.13045729199164927
0.13186306447453094
0.1342213698077453
0.136604598331967
0.13654357275262222
0.13359517293391424
0.14034949830637578
0.1367880588883556
0.14017797685369135
0.1357590601308512
0.14148188898785813
0.1394972170161876
0.1441607112959648
0.14019248793065092
0.14410303513736794
0.14410329103479536
0.14222644974594106
0.14350475691968836
0.14464909110224347
0.14478587349633112
0.14545256557053415
0.14922190283647452
0.141878281637919
0.1473079532485047
0.1425098871949743
0.14704588913774336
0.1444677887448489
0.1511498750644788
0.1462569497672836
0.15296350619707466
0.14664256518344065
0.149788460741136
0.1481171820585075
0.15075371017636668
0.14894020945691988
0.15090623850901136
0.14894489708284137
0.15281105115528604
0.1499757273245399
0.15802630375084678
0.15346922833226226
0.15570035765093318
0.15329958703413205
0.1522939359150513
0.15713255941954418
0.15405819623925096
0.1578813743071078
0.15452832843960693
0.1564229293521137
0.15609861345560333
0.15850721696182085
0.15775492964896753
0.15447490735160857
0.1554716451510824
0.15946589331564795
0.15918072934929647
0.15844683104500676
0.16096038181489855
0.15891870576963876
0.1617911259601665
0.16055263237497858
0.16298047128446097
0.16041206602846417
0.16129611152062245
0.16278975462898765
0.16403937571523755
0.16257017681590952
0.16390132100720717
0.164654743251403
0.16386836478791192
0.16654256962123518
0.16569854265024525
0.16392037879156768
0.16792234948966556
0.16499002363148282
0.16775517617731692
0.16823474221383733
0.1670008296081784
0.16779280254586637
0.16882251147333743
0.16912737774584108
0.16855804417583126
0.17066156798626647
0.16873909984978347
0.17378657990062302
0.16913123355109674
0.17211606952024744
0.17148513528196935
0.17152686653980048
0.1732493553276314
0.17091099995036094
0.17387251407901413
0.1734792599773742
0.17475381457592626
0.1735262163727404
0.17647699252648835
0.17387725959177672
0.17401815584705121
0.1741409437349777
0.1804043523089371
0.17802412465015843
0.17328945612313404
0.174116949441273
0.1752283808665827
0.1758148926056542
0.1768294051009594
0.17813857926140295
0.17549962838183752
0.17869511140162667
0.1785256096706338
0.18089918869928798
0.17940670637845374
0.18225202710871707
0.18210855309136426
0.18160234845423767
0.18277173861320292
0.1843316983481011
0.18020786578116904
0.18177543061552076
0.18494042783602097
0.18156302879461395
0.17871912958941677
0.1853560491020184
0.18140959847933621
0.1874772415266521
0.18506934264357308
0.1848039922688112
0.18647943111725063
0.18506477571350546
0.1871345150237856
0.18549269687199868
0.18664150831874712
0.18629773992782772
0.18628317048473547
0.1845655485818926
0.18924457912249878
0.18438267888322163
0.19109887108205817
0.18307315007568534
0.19426287494495686
0.18443559284916003
0.18997042194043784
0.18914458481016566
0.19360798704297053
0.18777238196530394
0.19117685361668596
0.18878295558765154
0.19243331936819547
0.18809143989935304
0.19139783734760238
0.18936409264061818
0.1955767586318506
0.19161846847017236
0.1934760514427602
0.1925160777109609
0.19315528322389702
0.19314206708762605
0.19288545606185212
0.19577571431268292
0.1917060133329625
0.19537427704268157
0.1913108323052049
0.19486698368724747
0.19607357350653493
0.19428388142713646
0.19418660957449504
0.19669430776470914
0.19522955048384294
0.19273942469302258
0.1971250032590057
0.19547324103519376
0.19202235159651326
0.19809327835281418
0.1953939707563189
0.19699075368634628
0.19989064438430576
0.19518442895681687
0.1979639601510037
0.1977378105306025
0.19862600334547154
0.19683592302642
0.19245865810281898
0.19902215614021973
0.19821343216969806
0.19267353264678883
0.20151680790588705
0.1946751099839651
0.2009408140732251
0.19534216935548523
0.20385320992187883
0.19807853459939467
0.20202368919914332
0.19857234307386
0.2054508716234671
0.19625992060529868
0.2055323386902638
0.2000495578181642
0.20483473795430185
0.19922432972660772
0.20612821389822367
0.19869169849897825
0.2059393461413978
0.1989791854731336
0.20329086569307417
0.20366830152450097
0.20518209244460062
0.2011681717552582
0.20322172970154745
0.20528758432404864
0.2034642165632031
0.20585267467289198
0.2065551257278965
0.20330675428982453
0.20714466366274548
0.20250861420697283
0.20648868704957085
0.2035924339831907
0.20395981714812725
0.2045621236443509
0.20516128921035376
0.20647924830359177
0.2014584710183816
0.2074042875441943
0.2042325493776147
0.20961409710721862
0.2089728862810225
0.2065285437536435
0.21031305885981286
0.20863144506652787
0.20680291781730334
0.2064567036633173
0.2074743043994534

 var_js_div:
9.824392348482499e-06
5.426073006620337e-05
9.204702960576248e-05
4.17925763431494e-05
4.3984221962985844e-05
4.172863635604153e-05
2.1489009351024685e-05
1.1251515300211524e-05
7.79553287849595e-06
1.2638010635961426e-05
4.287721760523704e-05
2.8053161183027656e-05
3.591469352168368e-05
5.633089603917063e-05
3.617827731028886e-05
4.779586349693703e-05
4.044148671065049e-05
0.00010748217649960188
3.105104511195023e-05
4.177453171274836e-05
5.1238427345714364e-05
6.317686593363947e-05
6.49586678255103e-05
9.281733540514653e-05
0.00011870003612152957
3.4608900639255745e-05
0.00011371948947543683
5.225419193104421e-05
4.2513215895723375e-05
4.8781307459636336e-05
7.293717525948316e-05
6.045969689011019e-05
7.516115992185215e-05
5.224963414589963e-05
5.985322065209843e-05
0.00014203427200596265
3.589822737863513e-05
6.312425465249735e-05
3.236210788287016e-05
4.248418306826809e-05
0.0001105990932814973
4.101626782252997e-05
6.552483662458244e-05
3.8799794272578005e-05
5.181409275817594e-05
6.933167176674681e-05
3.1153917302956885e-05
3.7282292341394405e-05
4.637095991714647e-05
5.902560077965836e-05
4.3725057717443135e-05
6.872153515296537e-05
4.198710685650081e-05
8.059727641749137e-05
4.180999875397604e-05
9.162244447954719e-05
2.4357015116600226e-05
9.629818407107313e-05
0.00011982877906217476
6.962439343479917e-05
3.774685123360274e-05
9.366125995949368e-05
5.3312371831185546e-05
0.00010754076913239713
6.850578528260165e-05
0.0001805137724978769
4.8038598065724436e-05
5.715337422015234e-05
0.00010075248114122758
6.168368881987218e-05
7.418755862002685e-05
0.00012364614325133635
0.00014352251864321568
0.00011755336039094055
0.00014179648816259175
0.00012149280975577644
0.00015088734068144133
0.00010835501927335178
0.00016585348149830912
4.6938018364581316e-05
0.00016083987481134586
0.00010642104412192659
0.00014854147612839067
7.368136669278524e-05
0.0001430477181270356
9.731930980696472e-05
0.0001707061531253879
7.83522748565247e-05
0.00012854789485399002
0.00016719878843995533
0.0001787685149154208
0.00013697611229886113
0.00019691796229465215
0.00010950890491502576
0.00023667094125177902
0.00013479395794508095
0.00018802315468380531
0.0003303947862282482
0.00015325639785987132
0.0002410360599838757
0.0002088940374241437
0.00019369237863873343
0.0002352245602984656
0.0002844969160321679
0.00033580060648286916
0.00023963518138415935
0.0002788779254852702
0.00025998256113741406
0.0002740240256532408
0.00027226817188870817
0.000288872982666728
0.00028194030629257507
0.0003640710663675945
0.000282446155041673
0.0003556314022869567
0.00022899021181210837
0.00032717314612109265
0.0003789155958936681
0.00032175115538394877
0.00031813727112927427
0.0004753301577350591
0.0005668465481349289
0.0003258688379397107
0.0005018648300979626
0.0003100769257458015
0.00039948814579262735
0.00046030393825692345
0.00031288133545298054
0.00038811391915472893
0.0004409153847235858
0.00032527750411717423
0.0004244018380059187
0.0005090655006441996
0.00048595384481111875
0.0003202280993737017
0.0005058491711558894
0.00039159443262036764
0.00046524303069490593
0.000624320374793212
0.0006334117363796201
0.0005086243569825735
0.0006553099511625635
0.0004673605669013491
0.0005253111510204224
0.0005289764033109406
0.0005819476318840905
0.00047608745625353174
0.0006054885937869157
0.0005513703857248643
0.0005651553607409845
0.000551439781705022
0.0005228982776687304
0.0007298914431683407
0.000582609139515254
0.0006857351983126951
0.0005930751105613133
0.0008166897880138736
0.0006325882279224724
0.0007086563669819578
0.0006288083772832149
0.0007706710038213871
0.0006231695491992739
0.0006761853507274311
0.0008938930931625754
0.0009798169981220662
0.0006897882308319856
0.0006583716424106406
0.0010306420065620502
0.0009523775904598241
0.0006338761958390548
0.0013893624325512618
0.00098026744540202
0.0012622217227854628
0.0012005521531124304
0.0011535464708854368
0.0007633757795103994
0.0010763732058192883
0.0007901946402381454
0.0009866118039057459
0.0009276956021212249
0.001116749554368775
0.0009788756682593692
0.0008208129594986711
0.0013369287764378533
0.0011047278412642763
0.0008495765051136828
0.0009721856987699038
0.0010007173021156423
0.0008168306495176534
0.0008316239633152317
0.0010865945832909377
0.0008710016155697879
0.0013368962825777927
0.0008928444955377356
0.0010404999772236577
0.0010198695385552467
0.0010299205478904964
0.0010187715803937202
0.0013488381006897514
0.0007250918347039582
0.0013184747182258345
0.0008003552699787441
0.0009583723286177776
0.0011446032971005051
0.0009085483152535318
0.0008884366687217836
0.0008726484160362076
0.001276093258075818
0.001013557972610126
0.0009266716715292448
0.0012226274316689723
0.0007880049580828627
0.0013186304227978012
0.0009502923182214375
0.0010730830349694287
0.001289060002176701
0.0010373151637445089
0.0009209585981501227
0.0011897033996500761
0.0011970443061759296
0.0010297193096265806
0.0008169423561494029
0.0011164636509843852
0.0011073156639058944
0.0009532697886399029
0.0009934956092277909
0.0011636952268074912
0.000894075071815479
0.000948230451224516
0.0008897367347867425
0.0008998648643283914
0.0011773019200572278
0.0008788035261380861
0.0009318199435238408
0.0010793191626110696
0.001210613976626343
0.000826048528448864
0.0009553859006750535
0.0010580601564429424
0.0006281354973296779
0.0012462618134149415
0.0008731431506369793
0.0009498910891309278
0.0011759697608893828
0.0007533517927787296
0.0010850507055757618
0.0010870833055889302
0.0011358355222997496
0.0010278044450087566
0.00112778859867876
0.0014712376776155156
0.00093346230206574
0.0011695532017325315
0.0008791782652698416
0.0011237930776949745
0.000919213602199902
0.0011511680132703702
0.0010198493359284315
0.0011579345308872062
0.000883616084370065
0.0012603634400047991
0.0009964978836886937
0.0009957177540704202
0.0009678183923459597
0.001142679909397758
0.0008032758964430188
0.0010671778327796659
0.0007908212086851163
0.0013259962307029711
0.0008055628247386408
0.001104329433134244
0.0008066805346484271
0.0012057003340816314
0.0007677176882688718
0.0010645057188261287
0.0007372073518514628
0.0011131532214415263
0.0009214433677875304
0.0008669911309158253
0.0010886699433133287
0.0008703327105791108
0.0010985062125883102
0.0006632592600274734
0.0012517091414866025
0.000575668730195574
0.001059799621015738
0.0005438067522506558
0.001228903118707602
0.0008409227297224848
0.0007999796345971857
0.0009359183505221297
0.0009607628360187034
0.0009548445597611235
0.0009257985564700216
0.0007178590115861173
0.0009243870180032933
0.0009542074869718799
0.0009047588169602475
0.0009752616618617402
0.0010281965258201855
