mean_acc:
0.20208792720819596
0.24286354173048902
0.23363585837209402
0.23752180291371766
0.22725694719352507
0.22725694719352507
0.2275101117504871
0.22826960542137317
0.23088563917664745
0.23382845398708776
0.23924083982437433
0.24449320357689866
0.25291378766038386
0.2640865339167841
0.27740386337584255
0.2923109831830913
0.3106441688021131
0.32368729959283227
0.33857963006320724
0.356909285909379
0.3716790257345542
0.38634354757953104
0.3977681289449062
0.4133980224465521
0.4265303543828596
0.44350912728821906
0.4483262951223648
0.46434780606941484
0.43907284625275517
0.4363715487482813
0.3608840711329074
0.3288062485164652
0.33530844681079347
0.3360203583027832
0.35412322116035566
0.4035867834652538
0.4299412266830805
0.4359727968832652
0.4782013023913766
0.4611004409930836
0.4321896972156928
0.4553804025884295
0.34521640217557753
0.41496902585381645
0.43697866377593275
0.46560795210326605
0.454644850998402
0.411118734019486
0.368931428432122
0.41679134408031226
0.4279046713057129
0.45443569538491263
0.4460640783773114
0.4245622193973252
0.4645152454474464
0.4773258489767649
0.4866244319358889
0.4732042688972711
0.4244042281160568
0.43217142960386
0.4407591707028565
0.5068339353646976
0.5148615005120944
0.5292422339416788
0.43824365498431417
0.4657611376565855
0.44339043443395265
0.5079785918432846
0.48581141099271435
0.4664626998089071
0.44800407637703393
0.4848452032204886
0.5110961109841129
0.5159761935784253
0.5220024412745868
0.5216627739382936
0.4806203478349601
0.5181075362373183
0.5189883313950302
0.5269218933321005
0.5337758048377335
0.5337742261167027
0.5166267373190063
0.4818612025090916
0.44476109947997333
0.5076321710666126
0.5143505542850517
0.5263852084994575
0.5294567434744551
0.541394639707885
0.5349632871109917
0.5524619674801541
0.5274519042932418
0.5207549631776102
0.5511159293427961
0.530582661298606
0.5459099569827894
0.5488956065180229
0.5607130896020805
0.5504695336471368
0.5755026138192119
0.5597155892411414
0.5366768974291312
0.4862795089729781
0.5436590449332873
0.5454002499545292
0.5617749788528078
0.5600202537857519
0.5623389353743798
0.5762617100396011
0.5512888945634054
0.5862425316570938
0.6045577622365508
0.6071662079158984
0.6240370971866104
0.5872619890170178
0.5857601043130097
0.5540907722680903
0.5972083545691186
0.5786619810647089
0.5924620482126995
0.595680752922285
0.6028007485760555
0.5592035828040901
0.5562599737731846
0.5966554740721881
0.62697282333987
0.6266401155917272
0.6331756753506032
0.6462403212164428
0.6354944059201
0.6496267315596524
0.6285459904606302
0.6482671843943315
0.610470616027428
0.6336997659931305
0.6051501526975251
0.6514898730222951
0.6100860250241007
0.6502241986641739
0.6179566336729287
0.6576202373245227
0.6489925146196021
0.6558892154857817
0.6589536446473623
0.6556006964284805
0.6562451413078538
0.6359887572142332
0.6172571083717538
0.6369856993964046
0.6412233216426767
0.629444224095072
0.6692377470402977
0.671348868034488
0.6874449955091959
0.6712141727698089
0.6921552791757569
0.673369582203373
0.6988266310321684
0.6733824557270349
0.7005758630936281
0.6628898983965513
0.6918147959917759
0.644014103614502
0.6827973575842101
0.6715455852164526
0.6845245060627542
0.6719455866122411
0.6819100644750963
0.6737468967992747
0.6964699344850035
0.7008221062772853
0.7121528587543619
0.6996666901291535
0.7050312907240742
0.6857494095138745
0.6963420181390445
0.6831198780809019
0.6998792450145973
0.6945364808081678
0.7125545469881106
0.7087564624303766
0.7151009597541712
0.7063419811895613
0.7120443831785706
0.7076149577786022
0.7058269767886889
0.7027016965146016
0.700228288659155
0.7024121722516672
0.701757365335303
0.7110089222697484
0.7051922037558221
0.7068530827576786
0.7001971328626706
0.6957311779162056
0.6962247817630987
0.7093763215992818
0.7115453243186517
0.723253158937669
0.7156965224235204
0.7254182455938263
0.7162244307680788
0.7349409244218416
0.7337249343108808
0.7373309175163343
0.7348593599063482
0.7358511295802226
0.7336397205334199
0.7276402164039963
0.7272218655687476
0.7191229726194652
0.7256156771374062
0.7240307953871067
0.7180292676475118
0.724714218759537
0.7119466380570013
0.7333877518805026
0.7254000741073855
0.7485977114280609
0.7263279364693054
0.7515406829501136
0.7231365653540783
0.7433526712874798
0.7177992526721886
0.7318438372252468
0.7211421795783627
0.7501148093585053
0.7296600926609011
0.7526497564904668
0.7325754811322356
0.7519325340148505
0.7336204615590949
0.7497377503357948
0.7349311689516544
0.748716802551858
0.7371388245906674
0.7477462867448883
0.7360523191145679
0.7459782793168199
0.7421650917736754
0.7525874774099919
0.7507854831592304
0.7566155894938673
0.7521530905242391
0.7519716436062283
0.7491696092212614
0.744870360446691
0.7394046350619556
0.7455666328567928
0.7510372610210779
0.7527196095950067
0.7513355476532041
0.7491529447209773
0.7468035803071755
0.7490914316724367
0.7461021390981311
0.746747847890552
0.7445746486339381
0.7407378796815249
0.7453868555848058
0.7368244197331832
0.7497987203793975
0.7442610048061187
0.7461352849626863
0.7384162656507576
0.7408732576999071
0.7401846344952345
0.7525398121014426
0.7548922862592793
0.7640786866687458
0.7590361613057822
0.7675032422273365
0.759097879059119
0.7686459115074344
0.7593609974347743
0.7707511908190867
0.7603686921519028
0.7720690599299467
0.7618380148840724
0.773449387950643
0.763156955534541
0.7721071833630087
0.7605107731078643
0.7694229285880888
0.7574693135470939
0.7679548869212774
0.7613690429772942
0.7645940468563348
0.7617243334808259
0.7645071298860092
0.7659080018272826
0.7659748413651746
0.7722718937037455
0.7658570864336184
0.7752439039921681
0.7686606266402591
0.7748850079509955
0.7668400595790731
0.7734290678105473

 var_acc:
0.0009909289444123915
0.004069257681571009
0.000417238636359125
0.0007394652064688915
4.964552568315752e-05
4.964552568315752e-05
4.5800264547480956e-05
3.811001871455803e-05
5.5773862622382e-05
0.00013810017796450836
0.00032245888044204026
0.00046132261363819864
0.0004955271407469849
0.00039659339329007156
0.0003599316182910463
0.00024660471460656325
0.000261152894922982
0.00048189461283992363
0.0008136695230112384
0.0013068148824770438
0.002064680300495581
0.002343757970911076
0.002538123047170339
0.0023286761424420616
0.002781531166458294
0.0029450892331427257
0.002835631585892234
0.002984411862875045
0.00308285995813161
0.0045164721994904655
0.01601492981011702
0.017687101456016333
0.012764213499340954
0.008719237168717834
0.011089896606283902
0.0023066759070399113
0.013868908858710496
0.016543909941621544
0.004740136367698045
0.011713220456263402
0.014407327283390399
0.006114095606632061
0.018765932431186325
0.016529682153909635
0.008053854898541215
0.002484341823548547
0.019819637099689282
0.010520729854723361
0.030777215584992332
0.0003972625934016841
0.008365309666730455
0.019157554294434293
0.02427897160256589
0.013284002531793127
0.004903788956463118
0.010301209866157153
0.004145001358537065
0.006224019968204888
0.004486185061617122
0.006312270574370255
0.017240052494529635
0.006900019043237096
0.003922199790493748
0.005533827767072358
0.00279019159987491
0.010047086528543895
0.0075919128523550036
0.0029734324028431545
0.00861729679680478
0.006489072763956814
0.011357321951132048
0.007431635402023521
0.012102764363246752
0.00410901787760215
0.0038080534360860996
0.00033470909480709353
0.0062915973676678965
0.006543377354168041
0.004107256813251368
0.002061905060331813
0.0052372132951580995
0.005330794334897782
0.01294224806763768
0.010369241174667665
0.010491055820470052
0.008793675323198783
0.0066249115819616445
0.004922461443560564
0.007849394999843958
0.0057333797188082744
0.004712178743790197
0.0010799180008783176
0.002905909397601694
0.0025501207437715044
0.0002427910914624316
0.0009306438495500087
0.002747473925357091
0.0056662291078514665
0.002793483925801774
0.006345475083789461
0.0024953348848744984
0.0030615958128410842
0.0007603856768294062
0.003174018845432764
0.0002543429418491317
0.006023572044113574
0.003147063939554473
0.004073044667040113
0.008219958322486433
0.004759930403632903
0.009156181492821635
0.0023997387456027447
0.001966329240383077
7.251570893316545e-05
0.0013943614328462283
0.00021526196948329582
0.006840619793967056
0.007254122128386251
0.003373505447439463
0.004181352047480099
0.00795431817920056
0.002558551501500212
0.0004281341623672264
0.0008619814359709858
0.003159768892355753
0.0030470028579472484
0.0008123294835304832
0.0032949464741285238
0.0022176778412198437
0.0026841341451351018
0.0020297197191821302
0.0035387866652138596
0.0016756067581972728
0.006199005330034251
0.0003372066442001845
0.00439908424079761
0.00021682873820872347
0.0025587484982853748
0.0032175354360145206
0.004087323118659402
0.004022242211887213
0.0007337071531231247
0.0013292797473197099
0.0002555444784678379
0.0007731620027001684
0.0006375178878895191
0.002258450343014474
0.003322534056668742
0.01677157914617302
0.0008707859544250375
0.007472892018849425
0.0031480173958131252
0.002939893717114439
0.00038506410359148035
0.0014664865713284931
0.0002913106197098099
0.0012000822579169366
9.053351137938303e-05
0.000905933597329971
0.0003887492121964833
0.001105939406278021
0.0010266940771466908
0.003596465753670778
0.004864234836753671
0.004810484523770373
0.0008630006087655755
0.0007670731705829791
0.0015969733346469152
0.0033935974158158973
0.0013095360597632489
0.0017462680610627246
0.0007833908439638534
0.00012102666849241586
0.0014139463941165139
0.0006107111571725879
0.0020994660727759657
0.001467339453822405
0.0020293818702449727
0.0032052247359209865
0.0020442166933077994
0.0018269088906200937
0.0017205293851053124
0.0010755966383477892
0.001895851732772759
0.0012361312338497136
0.0010212482500961766
0.000736801569273042
0.0005875345615228227
0.0014018183524141098
0.0005287148398122145
0.0025816972541369185
0.0002455872798771885
0.002056269816154428
0.0008388184296846326
0.001762911553667976
0.001628187894813256
0.0025538777666148345
0.0004910428429611811
0.000353521346174445
0.0005897185327081313
0.0003441875912208655
0.0006165455735597848
0.0006192890423195865
0.0006963916803146812
0.00037170576824350967
0.0006573700449308275
0.000701404089759532
0.000862478908931269
0.000731085858554925
0.0015005646188495732
0.001007739220260646
0.002698235204116729
0.0009072358881744849
0.0015348236103905955
0.0011591326174288424
0.0028087513808455512
0.0017645693019033152
0.001230503539972932
0.0001740945227260105
8.898299476107486e-05
0.00017858826945938173
0.00023678918241967884
0.00039164981160516897
0.0013809006247750767
0.0011434291905891706
0.0040528765008863285
0.0005179975163132101
0.00047035030220877674
0.0003386145022481221
0.0002723498119499857
0.00028795599108090496
0.0002695437934930249
0.00030925596379969905
0.0003646725968942227
0.0003724189642219735
0.000620711094754864
0.0003856000792011367
0.0012067807014671719
0.0007881092476300143
0.0019107739871019839
0.0007268112939419165
0.0006914775920304102
0.00022190688445070504
0.0002201491898356856
0.00035369073980599607
0.0005284251991534714
0.0006590966979932155
0.001047983158181621
0.0020350813034315687
0.0008300423280342479
0.00048359477608990914
0.0003404097497703015
0.0005511903859769591
0.0005646090857652086
0.0011390536601775829
0.0005307101701905624
0.000751250189365312
0.00023032827861716801
0.00020268600986987392
0.0003988694065661473
0.00019023241272754133
0.00033745392430648534
0.0005088870065648821
0.0002635328818455148
0.0012483277949230582
0.0006933251248376426
0.00211924019002595
0.0008779422335293503
0.0009564783099889981
0.00021001656268339778
0.0003349991500306457
0.00011898873465210859
0.0001997407833852859
0.00016893754845599964
0.00012876712122247613
0.0002402648492145399
0.00011411335102022379
0.00028717016789591874
0.00011137995579296897
0.00034765215330161034
0.00012116101282039613
0.0002723362106504062
0.00018272186416220024
0.00044349949588822613
0.00023650361732378697
0.0006523046591199586
0.0003722663256953011
0.000562456607349713
0.0005249358685870342
0.0007025276778831186
0.0006403204722862022
0.0005275086282007667
0.0005610185350566789
0.0002659578112031205
0.0005916106505884214
0.00017248133514777075
0.0004030868534639679
0.00016238501619058376
0.0003326146988349311
0.00013224671061768176

 mean_cos_sim:
0.995733695703492
0.9953614256482994
0.9928691746610951
0.9881332715665335
0.9812543537920007
0.9703871589596457
0.957352742909413
0.9454551267466249
0.9366272793242635
0.931008818612335
0.9277699199566364
0.9259417581119248
0.9250998201912355
0.924849487001514
0.9249863893462104
0.9254074183219505
0.9260164354098407
0.9267492495847046
0.9275301249591532
0.9283005353912666
0.9293784695012262
0.9304262497945288
0.9317023896975106
0.9327139881733361
0.934042093000814
0.9348320476087437
0.936433850474141
0.9362483310655382
0.9384087268216584
0.9309916749755732
0.9244970167292321
0.8558217667919786
0.8905860656909276
0.9115702050420005
0.928333495900417
0.9270309980160949
0.9503611308791463
0.9219818446784052
0.9363770831696042
0.9559978865361721
0.9408571521324447
0.9350579408844615
0.9109230313391203
0.8754246851673516
0.9056060392340963
0.9455880989919428
0.9407205301575459
0.9128629825941074
0.8828465332897357
0.8949548738716875
0.9118205952652781
0.9382413550464923
0.8818672028657722
0.9190620385177803
0.8713878179294067
0.918007038110327
0.8913035775355089
0.896742162146041
0.8882759219071239
0.8321947228946215
0.8997350327636099
0.8568363357041056
0.920147803410884
0.9075594968255487
0.8728097954755298
0.8489264749844674
0.8475373368013234
0.8640822258769776
0.8895641156322822
0.8633181403641332
0.8623560007038339
0.8422835226065869
0.8777431161887488
0.8920126548814148
0.8410817240354952
0.8745965818118366
0.846809770488148
0.8505084857245873
0.8498484126201132
0.833781074680406
0.8707618860392037
0.8082651520085369
0.8336063848082826
0.8639814256935157
0.7843034724366909
0.8609367334633307
0.8553048111629421
0.8412974798126308
0.8403139414167897
0.8343766044969149
0.8584690986862296
0.7975258417631942
0.8556569247129202
0.8003032448362815
0.8278569222937904
0.8338496294480965
0.802271199441107
0.8318157211579017
0.8106750329882229
0.7980846119566356
0.8057216603802392
0.7827883809382055
0.8193423506088158
0.7353109653193904
0.8195740180167641
0.7689155390321135
0.8277546265395468
0.7863067461242285
0.8158288554720446
0.7849051078436524
0.8328606178418756
0.7746577627356303
0.8070423538677443
0.8056980191674562
0.7926115253402585
0.7993471255006608
0.7569741157154299
0.7903126801179923
0.7396673126513952
0.8385691398203001
0.7513471889316694
0.8169069473045125
0.7799233377312846
0.7954760662083308
0.7577326489984204
0.7949745178335166
0.8012696480101333
0.8268376873219777
0.7899968228379827
0.7942566730920266
0.7883172783721237
0.7549321933488742
0.7864217397727232
0.7056977905057955
0.7898357228506206
0.6584928469288863
0.8052740521281118
0.6461524601564819
0.8154363288877577
0.7235129623707924
0.8004264185594904
0.7571327867742926
0.7687240702493817
0.7517968300610735
0.7503956498007657
0.7779780253490791
0.7415741671587325
0.7853944101475955
0.7292839045933319
0.7693772319771041
0.7311388734890646
0.7735088163742694
0.7248365482422113
0.7921314177622722
0.7235794032371533
0.7961590327423576
0.6993964945026585
0.7936576763636521
0.6821902473465518
0.7920121560207669
0.6662892873048138
0.7889596894271694
0.6545331677199772
0.7810063770300486
0.6708305242470123
0.7787139044111631
0.6810364036303973
0.7686563518182898
0.6692913500262614
0.757164840582291
0.694381801899947
0.7498547916296525
0.7079444903671895
0.7606712972344124
0.7029870920699034
0.7597043916499924
0.6997457057456955
0.7531867076730767
0.7049465578289507
0.741242806311758
0.7221166410722353
0.7387641626818167
0.7230868086068127
0.729506765652306
0.7158389034506941
0.7121239834476887
0.7046738454393313
0.6960181715962138
0.7053360549564373
0.6925570419914892
0.7136382421987314
0.7001203432786445
0.7190306508004857
0.7094394785655471
0.7079090688933878
0.7077690326854563
0.7017162205728396
0.6988951115921276
0.7268166606804402
0.6898477160999141
0.7286869724297208
0.677395670341658
0.7300331285702399
0.671320627160578
0.727923719137142
0.6682762247051998
0.7223819465007469
0.6680217303725208
0.7157665495412593
0.6729041679423556
0.7085578687199562
0.6794619882567361
0.6994214380769636
0.6895363883704972
0.6946595968417612
0.6961188441087908
0.6953815628638763
0.6844749549643676
0.7093662400544476
0.6678782893643664
0.7227848678800852
0.6476823807893852
0.730573049530818
0.6358306115226146
0.7397665853357344
0.626235195213298
0.7427841630380927
0.6308589289708711
0.7389726950028912
0.6389251515692921
0.729920291725185
0.6430895388811779
0.723746696116174
0.6482390851387803
0.7170607437146316
0.6516821639428961
0.7100543099379129
0.6521256946138754
0.7032487611061153
0.654956557338701
0.698954704225231
0.6617901593120672
0.6971620044695158
0.6686272156321525
0.6871993796657596
0.6737436210557245
0.6825672149953835
0.6764568122263203
0.6836337749687333
0.6726748875846909
0.6848902727629307
0.6659254461022
0.6900998638284113
0.6568054695506079
0.693282857277534
0.6528006562868799
0.6914882114728591
0.6521550395565062
0.6872505052111292
0.653732678151304
0.6832661252218135
0.6577885044196704
0.6879028983445951
0.6644353802913088
0.6898972957680352
0.672637560975762
0.6799015818672661
0.6785473277172116
0.6650815940267837
0.6852783421002275
0.6569652417594287
0.6851983910305297
0.6531410968947157
0.6823958638675945
0.6492504202808647
0.6789619511961625
0.6457507698568543
0.6761966299955477
0.6430137190070047
0.6763473095604249
0.6409372290949362
0.6805836257112455
0.6383500355225256
0.6849329310974662
0.6369011091801224
0.688399944268917
0.6388946965819154
0.6882098298015906
0.6488243608825767
0.6830193253463959
0.6553416588778271
0.6755466581559595
0.6610587632418929
0.6658761137183054
0.6645471468601594
0.655249610868752
0.6703827313307188
0.6457068642604986
0.6743263044733584
0.6367388583644209

 var_cos_sim:
1.4364915533224376e-06
3.613651364508109e-06
5.5708099285048635e-06
5.757935379949634e-06
5.846693462409952e-06
2.4075805598368846e-05
4.762689663477582e-05
4.54905977127783e-05
3.281352851943737e-05
2.1467585653404207e-05
1.5923633641316625e-05
1.3570192282736802e-05
1.2340235869202735e-05
1.1889176248062554e-05
1.2290375508867227e-05
1.2928705371605874e-05
1.370176974484124e-05
1.5150880937123813e-05
1.7020696914889557e-05
1.8095380903051022e-05
2.150157621720165e-05
2.423459045004866e-05
2.8891387639722315e-05
3.168712272367318e-05
3.762165395135314e-05
4.075514689630594e-05
5.0100559991526855e-05
5.626163562177387e-05
6.140311109726009e-05
0.0001997621026397256
0.000572975475988106
0.010718749790575367
0.001585960584189246
0.00893055629314971
0.005765871269327531
0.00500873050782246
0.0010339502227573322
0.00926025752581338
0.001271095212189164
0.0003213103851583142
0.0007529926205248891
0.0007929916378608596
0.002444219701245594
0.007011618042780174
0.004815021174348629
0.00042775377200318545
0.0006197607445055773
0.006962447891677607
0.0048601157133395375
0.0036670348535554403
0.0027415548912451335
0.0005988350092367195
0.002937213513028307
0.0007457191908195643
0.005252546790019872
0.0017401567653455385
0.0037368800371845516
0.0031391141466793524
0.003504516373989538
0.006696990041378622
0.004102596404020473
0.008425239704650764
0.0011375602453508986
0.0019636311823721907
0.0026867909281256797
0.0040300113652754314
0.006139125813764355
0.002529631564454442
0.0015890666806587807
0.0035594044665394164
0.003022128219126344
0.007838021273013546
0.0024170015689397428
0.0038617375203238986
0.009555967956820397
0.002563663938844579
0.005683914519624594
0.0014993634584013259
0.005475108885881152
0.004386895837822738
0.002029429755627542
0.010202201573856593
0.0030467528261267436
0.0004356622173796642
0.006786288518156085
0.002355110505428894
0.005261954367816261
0.007789714344485681
0.0066640923137354325
0.0027501923206555835
0.0014049842924613036
0.00800724070933234
0.002326840820895281
0.008992780955260602
0.005241612258339438
0.001502749639909658
0.004124890513909985
0.0020778331732027055
0.005234516340101306
0.0012107262399812936
0.0029471988698892186
0.002378877259820545
0.002719029792125542
0.0016874899040207978
0.0028354061840360446
0.0037567688779113623
0.0010600346069885235
0.0012489455376453872
0.002380202162702163
0.00853721753753004
0.007254261568026816
0.004117662552304084
0.006644325675587358
0.0022442896194015214
0.002926003422921204
0.0024159617843723517
0.005271040068713275
0.0022423540688388897
0.00904541995059834
0.00638873089300525
0.016555279309153667
0.002723053945108445
0.005475963859226175
0.005070306855802954
0.007097521794378058
0.004640821595689591
0.007203354048562233
0.0016456914550640868
0.005794995627294703
0.000655533548452573
0.003140512596793554
0.001009942708740399
0.0023590022343110903
0.0024069932826738453
0.0014908856021162331
0.006592144520765175
0.0010885942082017733
0.007853869712546032
0.0012157816359617938
0.006699202690353639
0.0011919027295292759
0.014072086300393492
0.003614778549433754
0.011040636329465635
0.005441858449695766
0.0041528641579504505
0.005619285102715871
0.0034703740260715625
0.006355779738340811
0.0028555975753306526
0.005420164270483743
0.0018961491166526075
0.006320142583815957
0.0004353525597534412
0.010926564837767314
0.0007305289504164451
0.009065627126668233
0.0007450563359065126
0.008153628272420324
0.0008789832371208188
0.008829968564966843
0.0010378015678729408
0.009982412918002915
0.001171923083388962
0.006398754139765748
0.0007983818472027523
0.00682996527508009
0.00194143442104637
0.005865536711347632
0.002890861424163918
0.008156514725342694
0.002125313038024905
0.010964518234174339
0.0003795501797687973
0.006111584412275114
0.0009882055828790343
0.004623123958490248
0.001479620942729176
0.003570501582822559
0.001642181341687522
0.002382112528022564
0.0018452896679231946
0.0027722398037213795
0.0017564974380585737
0.002806393823709326
0.0009991430840447634
0.0038490147546598034
0.0007955743636299862
0.006107038911002341
0.0025359870072038035
0.008048375127895956
0.005347948600061548
0.010722727714989447
0.004438958489329604
0.01449997240791723
0.0034199460463730045
0.011757764475654586
0.0016641462636375296
0.0029468468998233624
0.0013090958471764277
0.0016394168326251302
0.001702297385209599
0.0007919901763428205
0.0028251539323126827
0.000184368942106722
0.004028097022616052
0.0004503360525787019
0.005122860799924781
0.0008709370280072328
0.0056262312901818
0.0017619670986083308
0.006441568306524326
0.0028841097928824157
0.008475553141131435
0.0029241303493706006
0.009973269284648346
0.002166203192356942
0.007722644990508328
0.0010300218394269335
0.0046405801049575444
0.0008287149113305495
0.002761024039620874
0.0004940165183147734
0.0023880278155758374
0.0005214360411944738
0.0024655178011087735
0.0006384860768283296
0.0031277709301209167
0.0008082347793262891
0.004036671507364205
0.0011761761762700165
0.0032574463563540073
0.001393189532097585
0.0024039750056875516
0.0014101985439158912
0.0020023467800679177
0.0011947025399349435
0.0017391112373262825
0.0008906438416904118
0.0013682071167785547
0.0009009450328347744
0.0009437306177943704
0.0015160270551722354
0.0007895751990214138
0.001997541699694867
0.0008534981505148792
0.0012259672155646706
0.0010296096858966462
0.00039340158178888924
0.0012051093125316833
0.00017692922045301927
0.0018001440683410954
0.0003216904926345676
0.003093969477807903
0.000547509650210267
0.003876532802345266
0.0012217078468453452
0.004112217328585466
0.0015626458751302817
0.003913831169018916
0.0016149741039698895
0.0024600920058896057
0.0012674438219911195
0.0012266835318597356
0.0015278245782621167
0.0009838763166899725
0.0033241468579563098
0.0017168840067169097
0.004680248167831654
0.0010654653879873838
0.005311805157127549
0.0005138717872938585
0.00577493346565618
0.0002728431209538805
0.005828150784468995
0.00019008743576827593
0.005836686081280176
0.00018973062350458557
0.005497501870365736
0.000177017948730874
0.005125626558503099
0.0002596670736315451
0.004815713561632959
0.0004562396165349169
0.0046072682001607815
0.0007200331169612246
0.0040038065981107184
0.0007848430224443857
0.0024179245689344825
0.001060279767035334
0.001876604400186668
0.001556739212369979
0.0017038350248273473
0.0017850355840919416
0.0016577851761639681
0.0019271036125033034
0.0013044522921403059
0.002026466095447603
0.0010516152770727078
0.0021186869760772315

 mean_js_div:
0.009402356709914858
0.01071320879206101
0.016726263024290217
0.026890700362271713
0.037676636175885285
0.05111016519928555
0.06436179114709002
0.07500248900855284
0.08241990800612184
0.08694179399169913
0.08951876353705165
0.09094064725335653
0.09167557198695843
0.09198102139865422
0.09200792800174466
0.09182674065945622
0.09150668910949053
0.09111601084781813
0.09066290018041148
0.09008808578203557
0.0889839893814649
0.08805914155510604
0.0868665507885334
0.08592916112359143
0.08466952776306216
0.08400428831652493
0.08269243899798329
0.08246427717505417
0.07961069215359351
0.0828944675095998
0.08844410864928196
0.11021305910120509
0.10469605753382309
0.08022313143427384
0.07476830866065895
0.07668998879098339
0.06504474842607134
0.07685777744077975
0.07476480389863879
0.06167476897719657
0.06993357727648251
0.07384196344592422
0.08661414197930532
0.09980382186213171
0.08999142873098517
0.06581005655154812
0.06914278341349092
0.08401771494651833
0.09799459960026997
0.09105110766606542
0.08019916394912252
0.07117351959819622
0.09840055948362439
0.08454226826458165
0.09874583338964817
0.08162105748916362
0.09385881758383255
0.08557994148258105
0.09581029619078278
0.11774387826610892
0.08658791879752495
0.10810273392327245
0.06994368677962783
0.08228878000956932
0.09099814190225165
0.11124074310690575
0.111151562701496
0.10433198384987301
0.09224644950933729
0.10349940474016754
0.10757586763741418
0.11648554765637473
0.08941598759682
0.08710678136838823
0.09835020878097037
0.09415611346287225
0.0977737232143022
0.1108295407733068
0.10561536041306692
0.10979577077048626
0.08967080689234846
0.11940380458031216
0.10613364950100432
0.1070187058201875
0.134124583935667
0.10495496538771558
0.09969946917437594
0.10588047178268226
0.0984607281225031
0.10424276996891127
0.09395678678970362
0.11891665964230218
0.09671260293991774
0.12268649705087127
0.11345072568187389
0.10686732367446075
0.12800611007161813
0.10804286546268124
0.12173539791351344
0.12087548962684616
0.12344385698876784
0.12588824459705578
0.11593963607039244
0.14891423442000584
0.1204280775673032
0.13304749743947122
0.11514122322964446
0.12596765926333825
0.11904959759036386
0.1252034205557122
0.10830747871295263
0.13008666721815892
0.11696940986079254
0.11366471410792447
0.12030590103129538
0.1168029779857616
0.13575053768816223
0.12825661726337195
0.1474662903942901
0.10491387474222988
0.1366706624165368
0.11250093434003314
0.12215427153795469
0.12294139497705285
0.13723105391550114
0.12615037429755582
0.1174990886206057
0.10449283963523151
0.11995048044625696
0.11422519161843522
0.11920978664811628
0.12875209364153814
0.12168826738421332
0.15257966328674244
0.1220726060931953
0.17554388880071486
0.11763031823561301
0.17932350194396324
0.11096123583540092
0.14682307080620655
0.11525635097036199
0.13416596832272157
0.12290447448221697
0.13439202006114706
0.1309672170987893
0.12278564759939851
0.13284251322578913
0.11968484651494153
0.13961696335008997
0.13213553926713678
0.13986723803308812
0.1269318950471267
0.14375326863172375
0.11598201049144297
0.13955801770712134
0.11555302391056661
0.1477107921922937
0.11658709037641299
0.15453423267277394
0.11668605309992894
0.16098296885175722
0.11882293395740395
0.16697309028572904
0.12203378529465256
0.16303140661611137
0.12109805685261503
0.1601861256049192
0.12281454974272939
0.16635155249347613
0.1237875398277702
0.1552273096548043
0.1261834914677275
0.14683793364302816
0.11851392926744082
0.1482691537478681
0.1197087493984865
0.15071490860547807
0.12410511688066998
0.1490486694846355
0.13014328067371486
0.1381303344298022
0.12913004235166514
0.13384319150138507
0.1339244723979237
0.13665554144339728
0.1409273336585309
0.14501740866085827
0.1493384627296169
0.1475046366732584
0.1504340537991583
0.1433060567352213
0.14954998428651006
0.13821319895011097
0.1470499159619702
0.1461410615890611
0.14719676832463344
0.14896175980506055
0.14854968332685875
0.1385442274932346
0.14738658588730763
0.13451786229136625
0.15097505555208288
0.1335171984115572
0.1529294582082244
0.1321574328046337
0.1524648514937442
0.13424627694498745
0.15439706155766802
0.1366316383096378
0.15235551457859445
0.14146487951770587
0.14956921972662765
0.1466239271853027
0.14630044906953737
0.1500376655918027
0.14537346035539567
0.1492801192946099
0.1491869321961615
0.1412515219891689
0.1511527433626698
0.13416984752921596
0.15944879442242052
0.13366173361055386
0.16666652842539326
0.13377001156874616
0.17017630868776767
0.13383154478685022
0.16666174917856452
0.13335618066515645
0.16018938124059118
0.13512198083491286
0.15789598115235126
0.1361549720830369
0.15625909104469776
0.13733898987089685
0.15566745623805384
0.13866258103208162
0.15699672547188706
0.1397383338580178
0.15740758631450505
0.1407027238230311
0.1547011720128149
0.13899678590000009
0.14960262074255232
0.14110874112075025
0.1474801674940538
0.1445164644069754
0.14788234004872317
0.14585440228401006
0.15088127100577506
0.14768617194566688
0.15489907745588577
0.14383936121643215
0.15943068685424572
0.14409471727050494
0.16209396193544
0.14693939751222648
0.16311757530169893
0.14958094152564622
0.16165505134107583
0.15114401810567152
0.16062616676560165
0.14940396499443848
0.1577978299594514
0.1452916400872013
0.15517367819841682
0.14688166525611562
0.15467025210337465
0.14979795343746655
0.14772772075208582
0.14979624813778317
0.14622973348978185
0.1506935211759123
0.1465788081335865
0.1527118162438167
0.14815398102213134
0.15404531964488405
0.14903118856842962
0.15474567321594399
0.14855783151239027
0.15535769574012048
0.14610248743469584
0.1567351577809986
0.14503943074349382
0.15795858657210243
0.14549666779185816
0.15834687211813575
0.14614614961191905
0.15562965108712787
0.14752819129243974
0.15509755495105387
0.14999759183362776
0.1535314905230792
0.15238193473180855
0.15211527635290878
0.15418874186077774
0.148560020618737
0.1569707746703905
0.1473427352001416
0.16051373761014587

 var_js_div:
1.171992074407376e-06
2.1467237467411118e-05
3.027651095315881e-05
4.32815094480357e-05
2.5969906947764504e-05
4.0521487268764895e-05
4.4892650293064693e-05
3.561987154017516e-05
2.433640851568849e-05
1.5695994794335918e-05
1.0395235816540025e-05
8.439180726352373e-06
7.700479148319487e-06
7.62782338414016e-06
8.227840119592972e-06
8.959612952063926e-06
9.826567976075198e-06
1.1464062122810492e-05
1.2974558574781943e-05
1.4471717563335288e-05
1.660075116596171e-05
1.946978131887023e-05
2.2182360312587735e-05
2.401649881683077e-05
2.7932615095858934e-05
3.222671215876787e-05
3.9297018745872943e-05
5.221140444884318e-05
4.6212511840673805e-05
0.00011450992171263034
0.0003645666225929192
0.0019519460272029426
0.0007511721241167109
0.0018042135221855663
0.0015827049900904563
0.0018200432331692104
0.00043377960531097525
0.0022924751800550936
0.0005644940916489308
0.00018549639705046307
0.0002555629246918533
0.00033812547129680415
0.000856324776586652
0.0017167208408838722
0.0016718352407101692
0.0003111145561521503
0.0002576733216972167
0.0022428265265285827
0.0014214117181812888
0.0008618831891124649
0.0012073023798558665
0.00028982431464756104
0.0011832069403408844
0.0002823652699569523
0.0011959807933732795
0.0007700345027812093
0.0012858420379757475
0.0011309612613631757
0.0010591217772348397
0.0012971518263198039
0.0017931532321289554
0.0020323240171370165
0.0003713275279942257
0.0008748423915661723
0.0004929711096151824
0.0014368884764406973
0.0012952760486423568
0.00047591812013834787
0.00036350751362950124
0.0007477217336134068
0.0010755635686859832
0.0015923773451648631
0.0008483260230715617
0.0012495581556932894
0.0018261129795771264
0.0008078536195762603
0.0013556037055710711
0.00037393029268489153
0.001904750383665571
0.0008080588369870023
0.0006333545556344489
0.002081490624376967
0.0006743900918292915
0.00028852627678608553
0.0014702468108103027
0.0006587898752146178
0.0019300161977406345
0.0015301287353259043
0.0016571302704302781
0.0008663157842138798
0.00023176086494553852
0.0014668704901318807
0.00043270652618690805
0.0019101647240957935
0.0006521122606711169
0.0001773978131646211
0.0006103411481945941
0.0005359401435769271
0.0009477987806808428
0.00025393306495365863
0.00016193774183589858
0.00037375745608541163
0.0004390350980414639
0.0002486460897092145
0.00038623895947868336
0.0009391309848071323
4.301133208846934e-05
0.0007277702612413896
0.0003682345741709961
0.0020259247934707927
0.0011477581277966277
0.0011335853469904135
0.0013541095827269076
0.0003408272737625949
0.0007070866443978693
0.00035783509354758226
0.0007933032389187074
0.0003390529431063894
0.001183396818421553
0.0010968423648163082
0.003195664238227442
0.00039848011861933304
0.0003389437296413259
0.000891658383187987
0.0006211312173849425
0.0005637882874712397
0.0006492757706292482
0.00014880636996958003
0.0009950823537148267
4.2243048055238664e-05
0.0004746565188006454
0.00010246963787289079
0.00027959538337570645
0.00010919714614161905
9.773941285272603e-05
0.0006975902529124844
0.00012840705615070724
0.0014563219186848198
0.0001881958295678138
0.0009122605848311821
0.00019775531165026588
0.002038419363501563
0.0004390431082582093
0.00193522851867884
0.000897909510859795
0.0006890877576975589
0.0007031713138582762
0.0003886494684172769
0.00047079267412483255
0.0006452077827419835
0.0003504521061620853
0.000523826997512931
0.0004063124226058994
5.671948578767411e-05
0.00148450158846279
0.0001372583372757004
0.0014329197878380092
0.00012285967535933439
0.0013685578711664763
9.780738080451313e-05
0.0013477084333051474
0.00011623973114800393
0.0013481941330229586
0.00024986035794842277
0.00046439082677668706
0.00014739554747528536
0.0008551736200822945
0.0005455111716260824
0.0008860672373248525
0.0006993261554252582
0.0008406664763774754
0.0006721166547870788
0.0013208058685463277
8.248581778193015e-05
0.0006884379667148654
0.00013850486396763668
0.0005945278506808545
0.0002714590459782205
0.00043504437874662796
0.00033223868915027515
0.00020530061863462758
0.00019998425553089825
0.0003315210420787799
0.000157283303924207
0.0004960484483961013
6.962590418427202e-05
0.0010844599010449755
5.252987828199756e-05
0.001619558131341979
0.00031149832497386374
0.0011841045239630802
0.0007612167098976048
0.0009107836667354613
0.0005456289627231198
0.0018994456164976648
0.00019160226387069396
0.001732802903461541
7.506339715149168e-05
0.0005524450013166407
8.538248718638366e-05
0.00042116590960619514
3.0592413676170604e-05
0.0001383895168354388
0.00013374941167885773
4.380463068093028e-05
0.00043589319110440674
0.00012455579741918883
0.0006966861955214971
0.00022340771777790364
0.0007612075098096882
0.0004083933416440845
0.0008723358253737927
0.0006331882863099914
0.0010304547260437049
0.0008007000784528877
0.001063077431641124
0.0007656481480676616
0.0008232677780041325
0.0003055918955748463
0.0006428241710710238
0.0002855161062335513
0.00035494968795035816
0.0001804119490080154
0.00030710907291980427
0.00012552526609150376
0.0004022656162232276
0.00015879365753405323
0.0003636050109175776
0.0002747443829000267
0.0005953235046398552
0.0003310472533977656
0.00037047867815911284
0.00035002966553583154
0.0002212056767592191
0.0003668289695419953
0.00015164700521742586
0.0003709413655241007
0.00014430403413033893
0.00023168218158240697
0.0002523592480102639
0.00018216029771251128
0.00020423652322646284
0.000317279749454648
0.00011782443979330723
0.00046221424034258515
0.0001331772584848101
0.0004643806390813233
0.00015653012012557392
0.00032739044160287996
0.00018437790008196943
0.0002016296506281938
0.0002470448396319339
3.3311505127351364e-05
0.0003871711445648952
7.100593602684454e-06
0.0005366905614442172
9.153942317049348e-05
0.0005598544347804947
0.0003282659386025093
0.0006081388324470316
0.0004675622232681114
0.0005495647165857953
0.00031797292778860774
0.0003175165386447033
0.00016714812111353144
0.0002610494638917859
0.00018186508256535144
0.0006871137456154108
0.0003218705655533553
0.00028675394525411397
0.0005055785508427429
0.0002119853296399822
0.0007641896239716887
0.00017991580137548052
0.0008557118829395135
0.00017445872541786025
0.0008798687211773753
0.0001563532830462418
0.0008215057821052707
0.0001267104068974394
0.0008668122784704733
8.362784000528186e-05
0.0008500628759322835
6.991281122393905e-05
0.0007774704717823312
6.656319127268445e-05
0.000617061654077596
5.900929307558095e-05
0.00038593825810072325
8.782712393522308e-05
0.0003676549038256055
0.0001514247049263616
0.00028942685022945023
0.00021892538001994408
0.00024728221820667927
0.00035212627617905404
0.00016601411855510313
0.000399361050736704
0.00014614783337567824
0.00040548459866020475
